created_at,date,user_id,username,name,tweet,link,POS tagged,Label
1.66E+12,6/18/2022 16:42,55507370,tvOneNews,tvOne,apa penyebab varian baru virus corona kembali melonjakan di indonesia  mengapa umat muslim tidak boleh menikahi umat non muslim  apakah negara negara di seluruh dunia sudah membuka jalur wisata kembali  saksikan hot indonesia di youtube tvonenews  hotindonesiaone  ,https://twitter.com/tvOneNews/status/1538094782479671296,"[('penyebab', 'n'), ('varian', None), ('virus', 'n'), ('corona', 'n'), ('melonjakan', 'n'), ('indonesia', 'n'), ('umat', None), ('muslim', 'n'), ('menikahi', 'n'), ('umat', None), ('non', 'n'), ('muslim', 'n'), ('negara', 'n'), ('negara', 'n'), ('dunia', 'n'), ('membuka', 'n'), ('jalur', 'n'), ('wisata', 'n'), ('saksikan', None), ('hot', None), ('indonesia', 'n'), ('youtube', 'n'), ('tvonenews', 'v'), ('hotindonesiaone', 'n')]",FAKTA
1.66E+12,6/18/2022 7:19,41730943,VIVAcoid,VivaCoid,virus corona atau covid    terus bermutasi hingga memunculkan berbagai varian baru yang meresahkan dunia  seperti ba   dan ba    di indonesia  varian baru ini menjadi penyebab terjadi lonjakan kasus covid    pada pekan ini       vivacoid corona covid    ,https://twitter.com/VIVAcoid/status/1537953082465628160,"[('virus', 'n'), ('corona', 'n'), ('covid', 'n'), ('bermutasi', 'n'), ('memunculkan', 'n'), ('varian', None), ('meresahkan', 'n'), ('dunia', 'n'), ('ba', 'n'), ('ba', 'n'), ('indonesia', 'n'), ('varian', None), ('penyebab', 'n'), ('lonjakan', None), ('covid', 'n'), ('pekan', 'n'), ('vivacoid', 'n'), ('corona', 'n'), ('covid', 'n')]",FAKTA
1.66E+12,6/14/2022 19:53,7.05E+17,Berita_Corona,Berita Corona,kenapa varian dan subvarian baru virus corona terus muncul    cnn indonesia corona korona viruscorona  ,https://twitter.com/Berita_Corona/status/1536693404490420231,"[('varian', None), ('subvarian', None), ('virus', 'n'), ('corona', 'n'), ('muncul', 'n'), ('cnn', 'n'), ('indonesia', 'n'), ('corona', 'n'), ('korona', 'n'), ('viruscorona', 'n')]",FAKTA
1.66E+12,6/14/2022 19:40,17128975,CNNIndonesia,CNN Indonesia,kenapa varian dan subvarian baru virus corona terus muncul   ,https://twitter.com/CNNIndonesia/status/1536690130970619904,"[('varian', None), ('subvarian', None), ('virus', 'n'), ('corona', 'n'), ('muncul', 'n')]",FAKTA
1.66E+12,6/14/2022 12:06,1.40E+18,BroAkbar27,𝕬𝖐𝖇𝖆𝖗 ,pemerintah mewaspadai munculnya virus corona varian baru pasca libur lebaran   airlanggasolusiindonesia  ,https://twitter.com/BroAkbar27/status/1536575705550815233,"[('pemerintah', 'n'), ('mewaspadai', 'n'), ('munculnya', 'n'), ('virus', 'n'), ('corona', 'n'), ('varian', None), ('pasca', 'n'), ('libur', 'n'), ('lebaran', 'n'), ('airlanggasolusiindonesia', 'n')]",FAKTA
1.66E+12,6/14/2022 9:32,7.60E+17,kumparan,kumparan,aturan ini akan berubah bila ada varian baru virus corona yang mengkhawatirkan  kumparannews  ,https://twitter.com/kumparan/status/1536536931873325057,"[('aturan', 'n'), ('berubah', 'n'), ('varian', None), ('virus', 'n'), ('corona', 'n'), ('mengkhawatirkan', 'n'), ('kumparannews', 'n')]",FAKTA
1.66E+12,6/14/2022 8:50,2890721762,LINIKINI_ID,LINIKINI_ID,commuters  hati hati ada varian baru nih     virus corona varian ba   dan ba   dikatakan mulai muncul dan mengintai sekitar kita buat kamu yang beraktivitas tetap jaga prokesnya ya   yuk  kita saling jaga diri dan peduli sesama untuk melawan covid    ini   source   ,https://twitter.com/LINIKINI_ID/status/1536526448420261889,"[('commuters', 'n'), ('hati', 'v'), ('hati', None), ('varian', None), ('nih', 'n'), ('virus', 'n'), ('corona', 'n'), ('varian', None), ('ba', 'n'), ('ba', 'n'), ('muncul', 'n'), ('mengintai', 'n'), ('beraktivitas', 'n'), ('jaga', 'n'), ('prokesnya', 'n'), ('ya', 'n'), ('yuk', 'n'), ('jaga', 'n'), ('peduli', 'n'), ('melawan', 'n'), ('covid', 'n'), ('source', 'n')]",FAKTA
1.66E+12,6/14/2022 8:17,1.35E+18,Naraera1,Nara€ra,meski kenaikan kasus covid    di indonesia belum disebut serius  kita tetap harus waspada karena varian baru ini menjangkit orang orang yang sebelumnya terjangkit virus corona atau pernah divaksin   lawanvarianbaru  ,https://twitter.com/Naraera1/status/1536518068205068289,"[('kenaikan', 'n'), ('covid', 'n'), ('indonesia', 'n'), ('serius', 'n'), ('waspada', None), ('varian', None), ('menjangkit', 'n'), ('orang', 'n'), ('orang', 'n'), ('terjangkit', 'n'), ('virus', 'n'), ('corona', 'n'), ('divaksin', 'n'), ('lawanvarianbaru', 'n')]",FAKTA
1.66E+12,6/14/2022 8:03,1.07E+18,Alin_tan11,Alin Tan,lawanvarianbaru  tanda  omricon varian baru  gejala mirip corona virus lainnya dampaknya juga sama  ,https://twitter.com/Alin_tan11/status/1536514586987229184,"[('lawanvarianbaru', None), ('tanda', 'n'), ('omricon', 'n'), ('varian', None), ('gejala', 'n'), ('corona', 'n'), ('virus', 'n'), ('dampaknya', 'n')]",FAKTA
1.66E+12,6/13/2022 21:15,69183155,detikcom,detikcom,varian baru corona omicron ba   dan ba   kini tengah muncul di tanah air  jokowi pun telah mewanti wanti akan terjadinya peningkatan kasus positif virus corona  ,https://twitter.com/detikcom/status/1536351472987918337,"[('varian', None), ('corona', 'n'), ('omicron', 'n'), ('ba', 'n'), ('ba', 'n'), ('muncul', 'n'), ('tanah', 'n'), ('air', 'n'), ('jokowi', 'n'), ('mewanti', 'n'), ('wanti', 'n'), ('peningkatan', 'n'), ('positif', 'n'), ('virus', 'n'), ('corona', 'n')]",FAKTA
1.65E+12,3/30/2022 9:32,23343960,kompascom,Kompas.com,meski pasar tanah abang padat  pengunjung tetap terpantau menerapkan protokol kesehatan  seperti menggunakan masker di tengah penyebaran covid      ,https://twitter.com/kompascom/status/1508995452296839168,"[('pasar', 'n'), ('tanah', 'n'), ('abang', 'n'), ('padat', 'n'), ('pengunjung', 'n'), ('terpantau', 'n'), ('menerapkan', 'n'), ('protokol', 'n'), ('kesehatan', 'n'), ('masker', 'n'), ('penyebaran', 'n'), ('covid', 'n')]",FAKTA
1.65E+12,3/29/2022 16:36,23343960,kompascom,Kompas.com,unlock iphone dengan face id kini bisa dilakukan tanpa lepas masker  caranya bisa langsung lewat menu pengaturan atau memanfaatkan apple watch   ,https://twitter.com/kompascom/status/1508739763003539459,"[('unlock', 'n'), ('iphone', 'n'), ('face', 'n'), ('id', 'n'), ('lepas', 'n'), ('masker', 'n'), ('langsung', 'n'), ('menu', 'n'), ('pengaturan', 'n'), ('memanfaatkan', 'n'), ('apple', 'n'), ('watch', 'n')]",FAKTA
1.65E+12,3/27/2022 16:47,23343960,kompascom,Kompas.com,penembak kesal karena disuruh pakai masker  merasa hak haknya dilanggar  ia lalu menembak mati petugas spbu yang menyuruhnya   ,https://twitter.com/kompascom/status/1508017872131354627,"[('penembak', 'n'), ('kesal', 'n'), ('disuruh', None), ('pakai', 'n'), ('masker', 'n'), ('hak', 'n'), ('haknya', 'n'), ('dilanggar', 'n'), ('menembak', 'n'), ('mati', 'n'), ('petugas', 'n'), ('spbu', 'n'), ('menyuruhnya', 'n')]",FAKTA
1.65E+12,3/25/2022 7:55,23343960,kompascom,Kompas.com,dengan mengandalkan masker wajah alami di rumah  impian kita memeroleh kulit wajah yang glowing bisa terwujud   ,https://twitter.com/kompascom/status/1507159247913594880,"[('mengandalkan', None), ('masker', 'n'), ('wajah', 'n'), ('alami', 'n'), ('rumah', 'n'), ('impian', None), ('memeroleh', 'n'), ('kulit', 'v'), ('wajah', None), ('glowing', 'v'), ('terwujud', 'n')]",FAKTA
1.65E+12,3/24/2022 18:02,23343960,kompascom,Kompas.com,cara mencegah tbc bisa dengan sering cuci tangan dengan sabun dan air mengalir  pakai masker di tempat berisiko terjadi penularan  sampai vaksin bcg   ,https://twitter.com/kompascom/status/1506949624489123841,"[('mencegah', 'n'), ('tbc', 'n'), ('cuci', 'n'), ('tangan', 'n'), ('sabun', None), ('air', 'n'), ('mengalir', None), ('pakai', 'n'), ('masker', 'n'), ('berisiko', 'n'), ('penularan', 'n'), ('vaksin', 'n'), ('bcg', 'n')]",FAKTA
1.65E+12,3/24/2022 13:46,23343960,kompascom,Kompas.com,hidup berdampingan dengan covid     pemerintah singapura membolehkan warganya tidak memakai masker di luar ruangan mulai    maret        ,https://twitter.com/kompascom/status/1506885035734933507,"[('hidup', 'n'), ('berdampingan', 'n'), ('covid', None), ('pemerintah', 'n'), ('singapura', 'n'), ('membolehkan', 'n'), ('warganya', 'n'), ('memakai', 'n'), ('masker', 'n'), ('ruangan', None), ('maret', 'n')]",FAKTA
1.65E+12,3/23/2022 21:09,23343960,kompascom,Kompas.com,kepala brin sebut limbah masker problem serius di indonesia   gt  limbahmasker maskermedis covid   kompascom jernihkanharapan suarakompas  ,https://twitter.com/kompascom/status/1506634160026583043,"[('kepala', 'n'), ('brin', 'n'), ('limbah', 'v'), ('masker', 'n'), ('problem', 'n'), ('serius', 'n'), ('indonesia', 'n'), ('gt', 'n'), ('limbahmasker', 'n'), ('maskermedis', 'n'), ('covid', 'n'), ('kompascom', 'n'), ('jernihkanharapan', 'n'), ('suarakompas', 'n')]",FAKTA
1.65E+12,3/22/2022 18:16,23343960,kompascom,Kompas.com, masker tetap dipakai  itu yang paling sangat membantu   kata budi   ,https://twitter.com/kompascom/status/1506228218054922242,"[('masker', 'n'), ('dipakai', 'n'), ('membantu', 'n'), ('budi', 'n')]",FAKTA
1.65E+12,3/22/2022 10:39,23343960,kompascom,Kompas.com,pembagian masker itu dilakukan sebagai upaya pencegahan dari adanya pencemaran udara berupa debu batu bara yang berasal dari aktivitas pt kcn   ,https://twitter.com/kompascom/status/1506113204274929672,"[('pembagian', None), ('masker', 'n'), ('upaya', None), ('pencegahan', 'n'), ('pencemaran', 'n'), ('udara', None), ('debu', 'n'), ('batu', 'n'), ('bara', 'n'), ('berasal', 'n'), ('aktivitas', 'n'), ('pt', 'n'), ('kcn', 'n')]",FAKTA
1.65E+12,3/21/2022 19:13,23343960,kompascom,Kompas.com,khususnya pada penggunaan masker medis  dapat berfungsi untuk menjunjang penampilan agar terlihat lebih menarik  tidak percaya   ,https://twitter.com/kompascom/status/1505880168186843136,"[('penggunaan', 'n'), ('masker', 'n'), ('medis', 'n'), ('berfungsi', 'n'), ('menjunjang', 'n'), ('penampilan', 'n'), ('menarik', 'n'), ('percaya', 'n')]",FAKTA
1.65E+12,3/19/2022 8:30,23343960,kompascom,Kompas.com,teh celup  tomat  kentang  sampai mentimun bisa digunakan sebagai masker mata panda alami  intip cara menghilangkan mata panda di rumah berikut     ,https://twitter.com/kompascom/status/1504993598168698881,"[('teh', 'n'), ('celup', 'n'), ('tomat', 'n'), ('kentang', 'v'), ('mentimun', 'n'), ('masker', 'n'), ('mata', 'n'), ('panda', 'n'), ('alami', 'n'), ('intip', 'n'), ('menghilangkan', 'n'), ('mata', 'n'), ('panda', 'n'), ('rumah', 'n')]",FAKTA
1.65E+12,3/16/2022 7:48,23343960,kompascom,Kompas.com,nelson juga meminta polisi yang bertugas mengawasi penerapan protokol kesehatan di lapangan membagikan masker kepada masyarakat   ,https://twitter.com/kompascom/status/1503895965190610948,"[('nelson', None), ('polisi', 'n'), ('bertugas', 'n'), ('mengawasi', 'n'), ('penerapan', 'n'), ('protokol', 'n'), ('kesehatan', 'n'), ('lapangan', None), ('membagikan', None), ('masker', 'n'), ('masyarakat', 'n')]",FAKTA
1.65E+12,3/15/2022 17:14,23343960,kompascom,Kompas.com,cardi b cukup sering merawat rambut keritingnya itu dengan membuat hair mask atau masker rambut dengan bahan bahan alami di rumah   ,https://twitter.com/kompascom/status/1503676035891544071,"[('cardi', 'n'), ('b', 'n'), ('merawat', 'n'), ('rambut', 'v'), ('keritingnya', None), ('hair', 'n'), ('mask', 'n'), ('masker', 'n'), ('rambut', 'n'), ('bahan', None), ('bahan', 'n'), ('alami', 'n'), ('rumah', 'n')]",FAKTA
1.65E+12,3/15/2022 8:12,23343960,kompascom,Kompas.com,ios      sudah bisa di download pengguna iphone  salah satu fiturnya adalah bisa memindai wajah  face id  meski pakai masker   ,https://twitter.com/kompascom/status/1503539494942781442,"[('ios', 'n'), ('download', 'n'), ('pengguna', 'n'), ('iphone', 'n'), ('salah', 'n'), ('fiturnya', 'n'), ('memindai', 'n'), ('wajah', None), ('face', 'n'), ('id', 'n'), ('pakai', 'n'), ('masker', 'n')]",FAKTA
1.65E+12,3/14/2022 18:21,23343960,kompascom,Kompas.com, penerapan protokol kesehatan  terutama pemakaian masker  masih harus terus kita lakukan   kata dia   ,https://twitter.com/kompascom/status/1503330372683120641,"[('penerapan', 'n'), ('protokol', 'n'), ('kesehatan', 'v'), ('pemakaian', None), ('masker', 'n'), ('lakukan', None)]",FAKTA
1.65E+12,3/14/2022 18:04,23343960,kompascom,Kompas.com,luhut binsar pandjaitan menegaskan bahwa memakai masker masih menjadi protokol kesehatan yang wajib dipatuhi masyarakat   ,https://twitter.com/kompascom/status/1503326206418059270,"[('luhut', 'n'), ('binsar', 'n'), ('pandjaitan', 'n'), ('memakai', 'n'), ('masker', 'n'), ('protokol', 'n'), ('kesehatan', 'n'), ('wajib', 'v'), ('dipatuhi', None), ('masyarakat', 'n')]",FAKTA
1.65E+12,3/13/2022 13:05,23343960,kompascom,Kompas.com,paduan kedua bahan minyak kelapa dan soda kue dapat mengatasi jerawat  berikut resep dan cara membuat masker wajah dari soda kue dan minyak kelapa   ,https://twitter.com/kompascom/status/1502888454845186051,"[('paduan', None), ('bahan', 'n'), ('minyak', 'n'), ('kelapa', 'n'), ('soda', 'n'), ('kue', 'n'), ('mengatasi', 'n'), ('jerawat', 'n'), ('resep', 'n'), ('masker', 'n'), ('wajah', 'n'), ('soda', 'n'), ('kue', 'n'), ('minyak', 'n'), ('kelapa', 'n')]",FAKTA
1.65E+12,3/11/2022 7:32,23343960,kompascom,Kompas.com, prokes masih harus kita jaga  terutama masker tidak boleh lepas saat kita berada di rumah ibadah   katanya   ,https://twitter.com/kompascom/status/1502079898520735744,"[('prokes', 'n'), ('jaga', 'n'), ('masker', 'n'), ('lepas', 'n'), ('rumah', 'n'), ('ibadah', 'n')]",FAKTA
1.65E+12,3/10/2022 20:39,23343960,kompascom,Kompas.com,kemenkes sedang mengkaji penyusunan roadmap menuju endemi covid    dengan kemungkinan melepas masker dan tak lagi ada kewajiban jaga jarak    tren  ,https://twitter.com/kompascom/status/1501915525806530560,"[('kemenkes', 'n'), ('mengkaji', None), ('penyusunan', 'n'), ('roadmap', 'n'), ('endemi', 'n'), ('covid', 'n'), ('melepas', None), ('masker', 'n'), ('kewajiban', 'n'), ('jaga', 'n'), ('jarak', 'n'), ('tren', 'n')]",FAKTA
1.65E+12,3/10/2022 17:06,23343960,kompascom,Kompas.com,pemerintah indonesia akan mengkaji pelonggaran protokol kesehatan dengan kemungkinan melepas masker dan tak lagi ada kewajiban jaga jarak   ,https://twitter.com/kompascom/status/1501861950371741696,"[('pemerintah', 'n'), ('indonesia', 'n'), ('mengkaji', 'n'), ('pelonggaran', 'n'), ('protokol', 'n'), ('kesehatan', 'v'), ('melepas', 'n'), ('masker', 'n'), ('kewajiban', 'n'), ('jaga', 'n'), ('jarak', 'n')]",FAKTA
1.65E+12,3/29/2022 14:16,47596019,liputan6dotcom,LIPUTAN6,cek fakta  tidak benar who tak pernah sarankan pakai masker  ,https://twitter.com/liputan6dotcom/status/1508704523639918602,"[('cek', 'n'), ('fakta', 'n'), ('who', None), ('sarankan', None), ('pakai', 'n'), ('masker', 'n')]",FAKTA
1.65E+12,3/29/2022 11:57,47596019,liputan6dotcom,LIPUTAN6,tarawih diperbolehkan  pbnu minta pemerintah sediakan masker di masjid  ,https://twitter.com/liputan6dotcom/status/1508669549985423362,"[('tarawih', 'n'), ('diperbolehkan', 'n'), ('pbnu', 'n'), ('pemerintah', 'n'), ('sediakan', 'n'), ('masker', 'n'), ('masjid', 'n')]",FAKTA
1.65E+12,3/25/2022 7:08,47596019,liputan6dotcom,LIPUTAN6,dokter paru anjurkan pakai masker kn   bagi yang ingin mudik lebaran  ,https://twitter.com/liputan6dotcom/status/1507147276539420675,"[('dokter', 'n'), ('paru', 'n'), ('anjurkan', None), ('pakai', 'n'), ('masker', 'n'), ('kn', 'v'), ('mudik', 'n'), ('lebaran', 'n')]",FAKTA
1.65E+12,3/24/2022 15:24,47596019,liputan6dotcom,LIPUTAN6,kanada jatuhkan sanksi baru pada kasus penumpang pesawat tidak pakai masker dan belum vaksin covid     ,https://twitter.com/liputan6dotcom/status/1506909703967715331,"[('kanada', 'n'), ('jatuhkan', 'n'), ('sanksi', 'n'), ('penumpang', 'n'), ('pesawat', 'n'), ('pakai', 'n'), ('masker', 'n'), ('vaksin', 'n'), ('covid', 'n')]",FAKTA
1.65E+12,3/23/2022 20:12,47596019,liputan6dotcom,LIPUTAN6,satgas covid     masih ada       desa kelurahan kurang patuh pakai masker  ,https://twitter.com/liputan6dotcom/status/1506619923702816778,"[('satgas', 'n'), ('covid', 'n'), ('desa', 'n'), ('kelurahan', 'n'), ('patuh', None), ('pakai', 'n'), ('masker', 'n')]",FAKTA
1.65E+12,3/23/2022 18:16,47596019,liputan6dotcom,LIPUTAN6,vaksinasi booster jadi syarat mudik lebaran       pakai masker jangan dilupakan  ,https://twitter.com/liputan6dotcom/status/1506590612954386436,"[('vaksinasi', 'n'), ('booster', 'n'), ('syarat', 'n'), ('mudik', 'n'), ('lebaran', 'v'), ('pakai', None), ('masker', 'n'), ('dilupakan', 'n')]",FAKTA
1.65E+12,3/18/2022 19:38,47596019,liputan6dotcom,LIPUTAN6,video  nyeleneh  siswa sd pakai masker wajah saat jam kelas  ,https://twitter.com/liputan6dotcom/status/1504799416833642500,"[('video', 'n'), ('nyeleneh', None), ('siswa', 'n'), ('sd', 'n'), ('pakai', 'n'), ('masker', 'n'), ('wajah', 'n'), ('jam', 'n'), ('kelas', 'n')]",FAKTA
1.65E+12,3/16/2022 14:05,47596019,liputan6dotcom,LIPUTAN6,istana jelaskan soal pembalap motogp tak pakai masker saat bertemu jokowi  ,https://twitter.com/liputan6dotcom/status/1503990854083440641,"[('istana', 'n'), ('pembalap', 'n'), ('motogp', 'n'), ('pakai', 'n'), ('masker', 'n'), ('bertemu', 'n'), ('jokowi', 'n')]",FAKTA
1.65E+12,3/15/2022 11:08,47596019,liputan6dotcom,LIPUTAN6,waspadai varian omicron ba    luhut tekankan tetap pakai masker  ,https://twitter.com/liputan6dotcom/status/1503583789313712130,"[('waspadai', 'n'), ('varian', None), ('omicron', 'n'), ('ba', 'n'), ('luhut', 'n'), ('tekankan', None), ('pakai', 'n'), ('masker', 'n')]",FAKTA
1.65E+12,3/14/2022 19:27,47596019,liputan6dotcom,LIPUTAN6,muncul subvarian covid    omicron ba   luhut  prokes dan pakai masker harus dilakukan  ,https://twitter.com/liputan6dotcom/status/1503346974099062784,"[('muncul', 'n'), ('subvarian', None), ('covid', 'n'), ('omicron', 'n'), ('ba', 'n'), ('luhut', 'n'), ('prokes', 'n'), ('pakai', None), ('masker', 'n')]",FAKTA
1.65E+12,3/14/2022 3:46,47596019,liputan6dotcom,LIPUTAN6,bupati bandung yakin wilayahnya masuk endemi meski    persen warga abaikan masker  ,https://twitter.com/liputan6dotcom/status/1503110161564508160,"[('bupati', 'n'), ('bandung', 'n'), ('wilayahnya', 'n'), ('masuk', 'n'), ('endemi', 'n'), ('persen', 'n'), ('warga', 'n'), ('abaikan', 'n'), ('masker', 'n')]",FAKTA
1.65E+12,3/10/2022 21:07,47596019,liputan6dotcom,LIPUTAN6,prancis cabut kewajiban pakai masker di dalam ruangan hingga jaga jarak mulai    maret       ,https://twitter.com/liputan6dotcom/status/1501922602943582210,"[('prancis', 'n'), ('cabut', 'n'), ('kewajiban', 'n'), ('pakai', 'n'), ('masker', 'n'), ('ruangan', None), ('jaga', 'n'), ('jarak', 'n'), ('maret', 'n')]",FAKTA
1.65E+12,3/10/2022 16:21,47596019,liputan6dotcom,LIPUTAN6,foto  operasi tertib masker terkait penerapan protokol kesehatan covid     ,https://twitter.com/liputan6dotcom/status/1501850750946738178,"[('foto', 'n'), ('operasi', None), ('tertib', 'v'), ('masker', 'n'), ('terkait', 'n'), ('penerapan', 'n'), ('protokol', 'n'), ('kesehatan', 'n'), ('covid', 'n')]",FAKTA
1.65E+12,3/10/2022 12:09,47596019,liputan6dotcom,LIPUTAN6,epidemiolog sebut aturan lepas masker di indonesia belum bisa dilakukan dalam waktu dekat  ,https://twitter.com/liputan6dotcom/status/1501787319421968393,"[('epidemiolog', 'n'), ('aturan', 'v'), ('lepas', None), ('masker', 'n'), ('indonesia', 'n')]",FAKTA
1.65E+12,3/1/2022 8:10,47596019,liputan6dotcom,LIPUTAN6,masker sebabkan oksigen susah masuk dan karbon dioksida menumpuk  mitos atau fakta   ,https://twitter.com/liputan6dotcom/status/1498465613265526787,"[('masker', 'n'), ('sebabkan', 'n'), ('oksigen', 'n'), ('susah', 'n'), ('masuk', 'n'), ('karbon', 'n'), ('dioksida', 'n'), ('menumpuk', 'n'), ('mitos', 'n'), ('fakta', 'n')]",FAKTA
1.65E+12,2/28/2022 20:07,47596019,liputan6dotcom,LIPUTAN6,uea tak lagi wajibkan pakai masker di luar ruangan dan longgarkan syarat tes pcr  ,https://twitter.com/liputan6dotcom/status/1498283612201881608,"[('uea', None), ('wajibkan', None), ('pakai', 'n'), ('masker', 'n'), ('ruangan', None), ('longgarkan', None), ('syarat', 'n'), ('tes', 'n'), ('pcr', 'v')]",FAKTA
1.65E+12,2/28/2022 5:44,47596019,liputan6dotcom,LIPUTAN6,madam kin bagi bagi uang di lampu merah cibinong  ajak masyarakat untuk tetap pakai masker  ,https://twitter.com/liputan6dotcom/status/1498066424295661569,"[('madam', 'n'), ('kin', None), ('uang', None), ('lampu', 'n'), ('merah', 'n'), ('cibinong', None), ('ajak', 'n'), ('masyarakat', 'n'), ('pakai', 'n'), ('masker', 'n')]",FAKTA
1.65E+12,2/26/2022 21:25,47596019,liputan6dotcom,LIPUTAN6,cdc sebut tidak perlu pakai masker untuk daerah tingkat covid    rendah dan sedang di amerika serikat  ,https://twitter.com/liputan6dotcom/status/1497578475011522561,"[('cdc', 'n'), ('pakai', 'n'), ('masker', 'n'), ('daerah', 'n'), ('tingkat', 'n'), ('covid', 'n'), ('rendah', 'n'), ('amerika', None), ('serikat', 'n')]",FAKTA
1.65E+12,2/26/2022 20:10,47596019,liputan6dotcom,LIPUTAN6,alasan masker medis lebih melindungi dari omicron  ,https://twitter.com/liputan6dotcom/status/1497559585867001859,"[('alasan', None), ('masker', 'n'), ('medis', 'n'), ('melindungi', 'n'), ('omicron', 'n')]",FAKTA
1.65E+12,2/25/2022 6:05,47596019,liputan6dotcom,LIPUTAN6,wamenkes dante  pilih mana  sesak kena covid    atau karena pakai masker   ,https://twitter.com/liputan6dotcom/status/1496984557416902657,"[('wamenkes', 'n'), ('dante', 'v'), ('pilih', None), ('sesak', 'n'), ('kena', 'n'), ('covid', 'n'), ('pakai', 'n'), ('masker', 'n')]",FAKTA
1.60E+12,7/31/2020 20:20,23343960,kompascom,Kompas.com,ada    persen bus cadangan disiapkan dari keseluruhan total armada yang normal beroperasi selama psbb   ,https://twitter.com/kompascom/status/1289189210998501376,"[('persen', 'v'), ('bus', 'n'), ('cadangan', 'n'), ('disiapkan', None), ('total', None), ('armada', None), ('normal', None), ('beroperasi', None), ('psbb', 'n')]",FAKTA
1.60E+12,7/31/2020 15:00,23343960,kompascom,Kompas.com,volume lalu lintas kendaraan meningkat signifikan selama psbb masa transisi jakarta  pemprov dki akhirnya menerapkan kembali ganjil genap   ,https://twitter.com/kompascom/status/1289108552993267712,"[('volume', 'n'), ('lintas', 'n'), ('kendaraan', 'v'), ('meningkat', None), ('signifikan', None), ('psbb', 'n'), ('transisi', 'n'), ('jakarta', 'n'), ('pemprov', 'n'), ('dki', 'n'), ('menerapkan', 'n'), ('ganjil', 'n'), ('genap', 'n')]",FAKTA
1.60E+12,7/31/2020 6:31,23343960,kompascom,Kompas.com,pemerintah provinsi dki jakarta meraup denda sebesar rp       juta dari pelanggar psbb transisi   ,https://twitter.com/kompascom/status/1288980460605812736,"[('pemerintah', 'n'), ('provinsi', 'n'), ('dki', 'n'), ('jakarta', 'n'), ('meraup', 'n'), ('denda', 'n'), ('rp', 'n'), ('juta', 'n'), ('pelanggar', 'n'), ('psbb', 'n'), ('transisi', 'n')]",FAKTA
1.60E+12,7/31/2020 6:00,23343960,kompascom,Kompas.com,pemprov dki memperpanjang psbb transisi setelah kasus covid    belum terkendali  ganjil genap kendaraan juga diterapkan   ,https://twitter.com/kompascom/status/1288972781502177280,"[('pemprov', 'n'), ('dki', 'n'), ('memperpanjang', 'n'), ('psbb', 'n'), ('transisi', 'n'), ('covid', 'n'), ('terkendali', 'n'), ('ganjil', 'n'), ('genap', 'n'), ('kendaraan', 'n'), ('diterapkan', 'n')]",FAKTA
1.60E+12,7/30/2020 19:18,23343960,kompascom,Kompas.com,pemprov dki jakarta akan memberlakukan denda progresif bagi perkantoran atau tempat usaha yang berulang kali melanggar aturan psbb   ,https://twitter.com/kompascom/status/1288811213317578752,"[('pemprov', 'n'), ('dki', 'n'), ('jakarta', 'n'), ('memberlakukan', None), ('denda', 'n'), ('progresif', 'n'), ('perkantoran', 'n'), ('usaha', None), ('berulang', 'n'), ('kali', 'n'), ('melanggar', 'n'), ('aturan', 'n'), ('psbb', 'n')]",FAKTA
1.60E+12,7/30/2020 18:42,23343960,kompascom,Kompas.com,psbb transisi diperpanjang selama dua pekan  terhitung mulai jumat             besok sampai    agustus        ,https://twitter.com/kompascom/status/1288802034708168704,"[('psbb', 'n'), ('transisi', 'n'), ('diperpanjang', 'n'), ('pekan', 'n'), ('terhitung', 'n'), ('jumat', 'n'), ('besok', 'n'), ('agustus', 'n')]",FAKTA
1.60E+12,7/30/2020 18:05,23343960,kompascom,Kompas.com,epidemiolog meragukan lonjakan kasus yang terjadi selama psbb transisi jakarta bukanlah gelombang kedua  apa sebabnya   ,https://twitter.com/kompascom/status/1288792846170914816,"[('epidemiolog', 'n'), ('meragukan', 'n'), ('lonjakan', None), ('psbb', 'n'), ('transisi', 'n'), ('jakarta', 'n'), ('gelombang', 'n')]",FAKTA
1.60E+12,7/30/2020 17:22,23343960,kompascom,Kompas.com,kebijakan pembatasan sosial berskala besar  psbb  memberikan pukulan telak terhadap industri migas nasional   ,https://twitter.com/kompascom/status/1288782026586255361,"[('kebijakan', None), ('pembatasan', None), ('sosial', None), ('berskala', 'n'), ('psbb', 'n'), ('pukulan', 'n'), ('telak', 'v'), ('industri', 'n'), ('migas', 'v'), ('nasional', None)]",FAKTA
1.60E+12,7/30/2020 14:08,23343960,kompascom,Kompas.com,selama psbb masa transisi  kasus positif kian menanjak  bahkan  dalam bulan juli  jakarta sudah mencatat   kali lonjakan tertinggi  begini kondisinya   ,https://twitter.com/kompascom/status/1288733199888089090,"[('psbb', 'n'), ('transisi', 'n'), ('positif', 'n'), ('kian', None), ('menanjak', 'n'), ('juli', 'n'), ('jakarta', 'n'), ('mencatat', 'n'), ('kali', 'n'), ('lonjakan', None), ('tertinggi', 'n'), ('kondisinya', 'n')]",FAKTA
1.60E+12,7/30/2020 9:46,23343960,kompascom,Kompas.com, dengan adanya pembatasan aktivitas dan transisi psbb  orang yang biasanya naik transportasi umum kini beralih ke brio satya   ujar billy   otomotif  ,https://twitter.com/kompascom/status/1288667127893889029,"[('pembatasan', 'n'), ('aktivitas', 'n'), ('transisi', None), ('psbb', 'n'), ('orang', 'n'), ('transportasi', 'n'), ('beralih', 'n'), ('brio', 'n'), ('satya', 'n'), ('billy', 'r'), ('otomotif', 'v')]",FAKTA
1.60E+12,7/30/2020 8:42,23343960,kompascom,Kompas.com,peningkatan penularan covid    di perkantoran semasa psbb transisi meningkat sembilan kali lipat dibandingkan sebelumnya   ,https://twitter.com/kompascom/status/1288651158500724738,"[('peningkatan', 'n'), ('penularan', 'n'), ('covid', 'n'), ('perkantoran', 'n'), ('psbb', 'n'), ('transisi', 'n'), ('meningkat', 'n'), ('sembilan', 'n'), ('kali', 'v'), ('lipat', None), ('dibandingkan', 'n')]",FAKTA
1.60E+12,7/29/2020 15:05,23343960,kompascom,Kompas.com,perpanjangan masa pembatasan sosial berskala besar  psbb  transisi fase pertama akan berakhir per    juli      besok  namun  jumlah kasus covid        ,https://twitter.com/kompascom/status/1288385157305470976,"[('perpanjangan', None), ('pembatasan', None), ('sosial', None), ('berskala', 'n'), ('psbb', 'n'), ('transisi', 'n'), ('fase', 'n'), ('juli', 'n'), ('besok', 'n'), ('covid', 'n')]",FAKTA
1.60E+12,7/28/2020 22:10,23343960,kompascom,Kompas.com,psbb transisi bakal berakhir pada    juli       namun  angka kasus positif covid    di ibu kota justru semakin meningkat   ,https://twitter.com/kompascom/status/1288129727828385792,"[('psbb', 'n'), ('transisi', 'n'), ('juli', 'n'), ('angka', 'n'), ('positif', 'n'), ('covid', 'n'), ('kota', 'n'), ('meningkat', 'n')]",FAKTA
1.60E+12,7/28/2020 15:23,23343960,kompascom,Kompas.com,  telah merangkum tren peningkatan kasus positif covid    di jakarta sejak hari pertama penerapan psbb hingga kini psbb transisi   ,https://twitter.com/kompascom/status/1288027294632562689,"[('merangkum', 'n'), ('tren', 'n'), ('peningkatan', None), ('positif', 'n'), ('covid', 'n'), ('jakarta', 'n'), ('penerapan', 'n'), ('psbb', 'n'), ('psbb', 'n'), ('transisi', 'n')]",FAKTA
1.60E+12,7/28/2020 5:16,23343960,kompascom,Kompas.com,kasus covid    di empat perusahaan tersebut muncul selama masa psbb transisi   ,https://twitter.com/kompascom/status/1287874543659315200,"[('covid', 'n'), ('perusahaan', 'n'), ('muncul', 'n'), ('psbb', 'n'), ('transisi', 'n')]",FAKTA
1.60E+12,7/27/2020 22:54,23343960,kompascom,Kompas.com,ada beberapa kegiatan yang saat ini tengah dibahas apakah bisa kembali dilaksanakan pada masa psbb jilid kedelapan   ,https://twitter.com/kompascom/status/1287778280490168322,"[('kegiatan', 'n'), ('dibahas', 'n'), ('dilaksanakan', 'n'), ('psbb', 'n'), ('jilid', 'n'), ('kedelapan', 'n')]",FAKTA
1.60E+12,7/27/2020 17:30,23343960,kompascom,Kompas.com,luhut binsar panjaitan menilai keputusan pemerintah untuk menerapkan pembatasan sosial berskala besar  psbb  dalam penanganan pandemi covid    di indonesia sudah tepat    money videokompas  ,https://twitter.com/kompascom/status/1287696734089629697,"[('luhut', 'n'), ('binsar', 'n'), ('panjaitan', 'n'), ('menilai', 'n'), ('keputusan', 'n'), ('pemerintah', 'n'), ('menerapkan', None), ('pembatasan', None), ('sosial', None), ('berskala', 'n'), ('psbb', 'n'), ('penanganan', 'n'), ('pandemi', 'n'), ('covid', 'n'), ('indonesia', 'n'), ('money', 'n'), ('videokompas', 'n')]",FAKTA
1.60E+12,7/27/2020 9:42,23343960,kompascom,Kompas.com,pelaksanaan ganjil genap pada masa psbb transisi mengalami kendala dari sektor transportasi umum   ,https://twitter.com/kompascom/status/1287579099234332673,"[('pelaksanaan', 'n'), ('ganjil', 'n'), ('genap', 'n'), ('psbb', 'n'), ('transisi', 'n'), ('mengalami', 'n'), ('kendala', 'n'), ('sektor', 'n'), ('transportasi', 'n')]",FAKTA
1.60E+12,7/27/2020 9:09,23343960,kompascom,Kompas.com,realisasi pad tersebut meningkat sejak penerapan pembatasan sosial berskala  psbb  transisi   ,https://twitter.com/kompascom/status/1287570671221067776,"[('realisasi', 'n'), ('pad', 'n'), ('meningkat', 'n'), ('penerapan', 'n'), ('pembatasan', 'v'), ('sosial', None), ('berskala', 'n'), ('psbb', 'n'), ('transisi', 'n')]",FAKTA
1.60E+12,7/27/2020 7:47,23343960,kompascom,Kompas.com,jika psbb periode sebelumnya tercatat ada        pelanggar  periode       juli tercatat ada        pelanggar psbb di kota tangerang   ,https://twitter.com/kompascom/status/1287550037489143808,"[('psbb', 'n'), ('periode', 'n'), ('tercatat', 'n'), ('pelanggar', 'n'), ('periode', 'n'), ('juli', 'n'), ('tercatat', 'n'), ('pelanggar', 'n'), ('psbb', 'n'), ('kota', 'n'), ('tangerang', 'n')]",FAKTA
1.60E+12,7/28/2020 14:03,47596019,liputan6dotcom,LIPUTAN6,foto  psbb dilonggarkan  pasar apartemen sewa masih tertekan  ,https://twitter.com/liputan6dotcom/status/1288007165932797954,"[('foto', 'n'), ('psbb', 'n'), ('dilonggarkan', 'n'), ('pasar', 'n'), ('apartemen', 'n'), ('sewa', 'v'), ('tertekan', 'v')]",FAKTA
1.60E+12,7/28/2020 12:14,47596019,liputan6dotcom,LIPUTAN6,belanja pemerintah terganggu kebijakan psbb  ,https://twitter.com/liputan6dotcom/status/1287979609661665286,"[('belanja', 'n'), ('pemerintah', 'n'), ('terganggu', 'n'), ('kebijakan', 'n'), ('psbb', 'n')]",FAKTA
1.60E+12,7/23/2020 15:45,47596019,liputan6dotcom,LIPUTAN6,survei indikator politik  pengusaha dan masyarakat kompak minta psbb dihentikan  ,https://twitter.com/liputan6dotcom/status/1286220774269808641,"[('survei', 'n'), ('indikator', 'n'), ('politik', 'n'), ('pengusaha', None), ('masyarakat', 'n'), ('kompak', 'n'), ('psbb', 'n'), ('dihentikan', 'n')]",FAKTA
1.60E+12,7/21/2020 8:15,47596019,liputan6dotcom,LIPUTAN6,sejumlah kota di indonesia kerja sama dengan waze untuk pantau psbb  ,https://twitter.com/liputan6dotcom/status/1285382880349184000,"[('kota', 'n'), ('indonesia', 'n'), ('kerja', 'n'), ('waze', None), ('pantau', 'n'), ('psbb', 'n')]",FAKTA
1.60E+12,7/20/2020 19:05,47596019,liputan6dotcom,LIPUTAN6,relaksasi psbb  jumlah pasien suspect covid    yang dirujuk ke rshs meningkat  ,https://twitter.com/liputan6dotcom/status/1285183946821480448,"[('relaksasi', 'n'), ('psbb', 'n'), ('pasien', 'n'), ('suspect', 'n'), ('covid', 'n'), ('dirujuk', 'n'), ('rshs', 'n'), ('meningkat', 'n')]",FAKTA
1.60E+12,7/20/2020 13:33,47596019,liputan6dotcom,LIPUTAN6,video  pemberlakuan kembali psbb di amerika  ,https://twitter.com/liputan6dotcom/status/1285100515823505408,"[('video', 'n'), ('pemberlakuan', 'n'), ('psbb', 'n'), ('amerika', 'n')]",FAKTA
1.60E+12,7/20/2020 6:11,47596019,liputan6dotcom,LIPUTAN6,masa psbb proporsional bodebek diperpanjang hingga   agustus       ,https://twitter.com/liputan6dotcom/status/1284989155777232896,"[('psbb', 'v'), ('proporsional', None), ('bodebek', 'n'), ('diperpanjang', 'n'), ('agustus', 'n')]",FAKTA
1.59E+12,7/17/2020 9:22,47596019,liputan6dotcom,LIPUTAN6,denda pelanggaran psbb di jakarta capai rp    miliar  ,https://twitter.com/liputan6dotcom/status/1283950059986415619,"[('denda', 'n'), ('pelanggaran', 'n'), ('psbb', 'n'), ('jakarta', 'n'), ('capai', 'n'), ('rp', 'n'), ('miliar', 'n')]",FAKTA
1.59E+12,7/17/2020 6:34,47596019,liputan6dotcom,LIPUTAN6,meski psbb diperpanjang hingga    juli  pemkab bogor beri kelonggaran aturan  ,https://twitter.com/liputan6dotcom/status/1283907775290937344,"[('psbb', 'n'), ('diperpanjang', 'n'), ('juli', 'n'), ('pemkab', 'n'), ('bogor', 'n'), ('kelonggaran', 'n'), ('aturan', 'n')]",FAKTA
1.59E+12,7/16/2020 22:22,47596019,liputan6dotcom,LIPUTAN6,psbb transisi diperpanjang  anies tunda operasional bioskop hingga tempat hiburan  ,https://twitter.com/liputan6dotcom/status/1283783981482209281,"[('psbb', 'n'), ('transisi', 'n'), ('diperpanjang', 'n'), ('anies', 'n'), ('tunda', 'v'), ('operasional', None), ('bioskop', 'n'), ('hiburan', 'n')]",FAKTA
1.59E+12,7/16/2020 20:16,47596019,liputan6dotcom,LIPUTAN6,anies kembali perpanjang psbb masa transisi selama   pekan  ,https://twitter.com/liputan6dotcom/status/1283752251824017408,"[('anies', 'n'), ('perpanjang', None), ('psbb', 'n'), ('transisi', 'n'), ('pekan', 'n')]",FAKTA
1.59E+12,7/16/2020 19:48,47596019,liputan6dotcom,LIPUTAN6,disparekraf dki segel    tempat hiburan selama psbb transisi  ,https://twitter.com/liputan6dotcom/status/1283745207570190337,"[('disparekraf', 'n'), ('dki', 'n'), ('segel', 'n'), ('hiburan', 'n'), ('psbb', 'n'), ('transisi', 'n')]",FAKTA
1.59E+12,7/14/2020 8:52,47596019,liputan6dotcom,LIPUTAN6,langgar psbb transisi  restoran makanan jepang di jakbar didenda rp    juta  ,https://twitter.com/liputan6dotcom/status/1282855341345009666,"[('langgar', 'n'), ('psbb', 'n'), ('transisi', 'n'), ('restoran', 'n'), ('makanan', 'n'), ('jepang', 'n'), ('jakbar', 'n'), ('didenda', 'n'), ('rp', 'n'), ('juta', 'n')]",FAKTA
1.59E+12,7/14/2020 6:05,47596019,liputan6dotcom,LIPUTAN6,politikus pdip pesimistis dki jakarta bisa terapkan kembali psbb  ,https://twitter.com/liputan6dotcom/status/1282813317031981056,"[('politikus', 'n'), ('pdip', 'n'), ('pesimistis', 'n'), ('dki', 'n'), ('jakarta', 'n'), ('terapkan', 'n'), ('psbb', 'n')]",FAKTA
1.59E+12,7/13/2020 16:17,47596019,liputan6dotcom,LIPUTAN6,anies        kasus baru covid    muncul selama psbb transisi  ,https://twitter.com/liputan6dotcom/status/1282605065933447169,"[('anies', 'n'), ('covid', 'n'), ('muncul', 'n'), ('psbb', 'n'), ('transisi', 'n')]",FAKTA
1.59E+12,7/13/2020 15:26,47596019,liputan6dotcom,LIPUTAN6,kasus covid    melonjak  dprd dki minta anies perpanjang psbb  ,https://twitter.com/liputan6dotcom/status/1282592233976291329,"[('covid', 'n'), ('melonjak', 'n'), ('dprd', 'n'), ('dki', 'n'), ('anies', 'n'), ('perpanjang', 'v'), ('psbb', 'n')]",FAKTA
1.59E+12,7/13/2020 14:06,47596019,liputan6dotcom,LIPUTAN6,psbb diperpanjang  skytrain bandara soetta tetap tak beroperasi  ,https://twitter.com/liputan6dotcom/status/1282571991787028480,"[('psbb', 'n'), ('diperpanjang', 'n'), ('skytrain', 'n'), ('bandara', 'n'), ('soetta', 'n'), ('beroperasi', 'n')]",FAKTA
1.59E+12,7/13/2020 9:09,47596019,liputan6dotcom,LIPUTAN6,meski psbb tangerang diperpanjang  pemda beri sejumlah kelonggaran  ,https://twitter.com/liputan6dotcom/status/1282497229987606529,"[('psbb', 'n'), ('tangerang', 'n'), ('diperpanjang', 'n'), ('pemda', 'n'), ('kelonggaran', 'n')]",FAKTA
1.59E+12,7/13/2020 8:37,47596019,liputan6dotcom,LIPUTAN6,ingin jadi zona hijau  alasan psbb tangerang raya diperpanjang  ,https://twitter.com/liputan6dotcom/status/1282489179167879169,"[('zona', 'n'), ('hijau', 'n'), ('alasan', 'n'), ('psbb', 'n'), ('tangerang', 'n'), ('raya', 'n'), ('diperpanjang', 'n')]",FAKTA
1.59E+12,7/13/2020 7:58,47596019,liputan6dotcom,LIPUTAN6,metro sepekan  pesan terakhir editor metro tv hingga psbb tangerang raya diperpanjang  ,https://twitter.com/liputan6dotcom/status/1282479368111943680,"[('metro', 'n'), ('sepekan', None), ('pesan', None), ('editor', 'n'), ('metro', None), ('tv', 'n'), ('psbb', 'n'), ('tangerang', 'n'), ('raya', 'n'), ('diperpanjang', 'n')]",FAKTA
1.59E+12,7/12/2020 16:27,47596019,liputan6dotcom,LIPUTAN6,psbb tangerang raya kembali diperpanjang hingga    juli       ,https://twitter.com/liputan6dotcom/status/1282245080007405568,"[('psbb', 'n'), ('tangerang', 'n'), ('raya', 'n'), ('diperpanjang', 'n'), ('juli', 'n')]",FAKTA
1.59E+12,7/12/2020 9:11,47596019,liputan6dotcom,LIPUTAN6,mulai buka saat psbb  ini waktu operasional pusat kebugaran hingga lapangan golf  ,https://twitter.com/liputan6dotcom/status/1282135348034678790,"[('buka', 'n'), ('psbb', 'n'), ('operasional', None), ('pusat', 'n'), ('kebugaran', 'v'), ('lapangan', None), ('golf', 'n')]",FAKTA
1.59E+12,7/10/2020 14:27,47596019,liputan6dotcom,LIPUTAN6,kasus baru covid    melonjak  ketua mpr minta   daerah ini kembali terapkan psbb  ,https://twitter.com/liputan6dotcom/status/1281490098865836032,"[('covid', 'n'), ('melonjak', 'n'), ('ketua', 'n'), ('mpr', 'n'), ('daerah', 'n'), ('terapkan', 'n'), ('psbb', 'n')]",FAKTA
1.59E+12,7/10/2020 7:08,47596019,liputan6dotcom,LIPUTAN6,beroperasi di masa psbb  tempat karaoke di cilandak didenda rp    juta  ,https://twitter.com/liputan6dotcom/status/1281379748984131584,"[('beroperasi', 'n'), ('psbb', 'n'), ('karaoke', 'v'), ('cilandak', 'n'), ('didenda', 'n'), ('rp', 'n'), ('juta', 'n')]",FAKTA
1.59E+12,7/8/2020 19:12,47596019,liputan6dotcom,LIPUTAN6,foto  psbb transisi  penjualan sambel dalam kemasan turun    persen  ,https://twitter.com/liputan6dotcom/status/1280837186078732288,"[('foto', 'n'), ('psbb', 'n'), ('transisi', 'n'), ('penjualan', 'n'), ('sambel', 'v'), ('kemasan', None), ('turun', 'n'), ('persen', 'n')]",FAKTA
1.59E+12,7/8/2020 7:28,47596019,liputan6dotcom,LIPUTAN6,disparekraf dki peringatkan diskotek top one karena buka di masa psbb  ,https://twitter.com/liputan6dotcom/status/1280660000650620928,"[('disparekraf', 'n'), ('dki', 'n'), ('peringatkan', None), ('diskotek', 'n'), ('top', None), ('one', None), ('buka', 'n'), ('psbb', 'n')]",FAKTA
1.59E+12,7/8/2020 6:17,47596019,liputan6dotcom,LIPUTAN6,pelanggar psbb di mangga besar dan gondangdia ditindak tegas  ,https://twitter.com/liputan6dotcom/status/1280642007128395776,"[('pelanggar', 'n'), ('psbb', 'n'), ('mangga', 'n'), ('gondangdia', 'n'), ('ditindak', 'n')]",FAKTA
1.59E+12,7/7/2020 15:16,47596019,liputan6dotcom,LIPUTAN6,selain bioskop  warga juga boleh nobar saat psbb transisi dki  ,https://twitter.com/liputan6dotcom/status/1280415266485104642,"[('bioskop', 'n'), ('warga', 'n'), ('nobar', 'n'), ('psbb', 'n'), ('transisi', 'n'), ('dki', 'n')]",FAKTA
1.59E+12,7/7/2020 13:17,47596019,liputan6dotcom,LIPUTAN6,pt kci    juli  jumlah pengguna krl capai rekor tertinggi selama psbb transisi  ,https://twitter.com/liputan6dotcom/status/1280385323034308610,"[('pt', 'n'), ('kci', 'n'), ('juli', 'n'), ('pengguna', 'n'), ('krl', 'n'), ('capai', 'n'), ('rekor', 'n'), ('tertinggi', 'n'), ('psbb', 'n'), ('transisi', 'n')]",FAKTA
1.59E+12,7/7/2020 4:40,47596019,liputan6dotcom,LIPUTAN6,pemkab bekasi belum izinkan warga gelar resepsi meski ada pelonggaran psbb  ,https://twitter.com/liputan6dotcom/status/1280255214868520960,"[('pemkab', 'n'), ('bekasi', 'n'), ('izinkan', None), ('warga', 'n'), ('gelar', None), ('resepsi', 'n'), ('pelonggaran', 'n'), ('psbb', 'n')]",FAKTA
1.61E+12,12/30/2020 19:59,68930552,mediaindonesia,Media Indonesia,hal itu sesuai dengan keputusan kepala dinas pertamanan dan hutan kota provinsi dki jakarta nomor     tahun      tentang penggunaan kembali rth pada pembatasan sosial berskala besar  psbb     ,https://twitter.com/mediaindonesia/status/1344266774930341888,"[('sesuai', 'n'), ('keputusan', None), ('kepala', 'n'), ('dinas', 'n'), ('pertamanan', 'v'), ('hutan', 'n'), ('kota', 'n'), ('provinsi', 'n'), ('dki', 'n'), ('jakarta', 'n'), ('nomor', 'n'), ('penggunaan', 'n'), ('rth', None), ('pembatasan', None), ('sosial', None), ('berskala', 'n'), ('psbb', 'n')]",FAKTA
1.61E+12,12/30/2020 7:49,2340155395,suaradotcom,suaradotcom,pemerintah kabupaten lebak memutuskan memperpanjang pembatasan sosial berskala besar  psbb    ,https://twitter.com/suaradotcom/status/1344083161555247106,"[('pemerintah', 'n'), ('kabupaten', 'v'), ('lebak', None), ('memutuskan', 'n'), ('memperpanjang', 'n'), ('pembatasan', None), ('sosial', None), ('berskala', 'n'), ('psbb', 'n')]",FAKTA
1.61E+12,12/29/2020 20:24,456426648,merdekadotcom,Merdeka.com,langgar aturan psbb  kafe dan panti pijat di tangerang disegel  satu kafe dan griya pijat di kelapa dua  kabupaten tangerang disegel satuan polisi pamong praja  satpol pp   karena melanggar aturan pembatasan sosial berskala besar  psbb   bahkan griya   ,https://twitter.com/merdekadotcom/status/1343910649777123334,"[('langgar', 'n'), ('aturan', 'n'), ('psbb', 'n'), ('kafe', None), ('panti', 'n'), ('pijat', 'n'), ('tangerang', 'n'), ('disegel', 'n'), ('kafe', None), ('griya', 'n'), ('pijat', 'n'), ('kelapa', 'n'), ('kabupaten', 'v'), ('tangerang', None), ('disegel', 'n'), ('satuan', None), ('polisi', 'n'), ('pamong', None), ('praja', 'n'), ('satpol', 'n'), ('pp', 'n'), ('melanggar', 'n'), ('aturan', 'v'), ('pembatasan', None), ('sosial', None), ('berskala', 'n'), ('psbb', 'n'), ('griya', 'n')]",FAKTA
1.61E+12,12/29/2020 8:49,69183155,detikcom,detikcom,kasus covid    di jatim terus meningkat  pemprov jatim pun mempertimbangkan format pembatasan sosial berskala besar  psbb  di jatim  bagaimana dengan surabaya  psbb surabaya  ,https://twitter.com/detikcom/status/1343735761749868544,"[('covid', 'n'), ('jatim', 'n'), ('meningkat', 'n'), ('pemprov', 'n'), ('jatim', 'n'), ('mempertimbangkan', None), ('format', 'n'), ('pembatasan', None), ('sosial', None), ('berskala', 'n'), ('psbb', 'n'), ('jatim', 'n'), ('surabaya', None), ('psbb', 'n'), ('surabaya', 'n')]",FAKTA
1.61E+12,12/28/2020 20:39,68930552,mediaindonesia,Media Indonesia,pemprov daerah istimewa yogyakarta  diy  mempertimbangkan usulan penerapan pembatasan sosial berskala besar  psbb   karena kasus positif covid    di sana masih menguat    ,https://twitter.com/mediaindonesia/status/1343552132113334274,"[('pemprov', 'n'), ('daerah', 'n'), ('istimewa', 'n'), ('yogyakarta', 'n'), ('diy', 'n'), ('mempertimbangkan', 'n'), ('usulan', None), ('penerapan', None), ('pembatasan', None), ('sosial', None), ('berskala', 'n'), ('psbb', 'n'), ('positif', 'n'), ('covid', 'n'), ('menguat', 'n')]",FAKTA
1.61E+12,12/28/2020 16:54,68930552,mediaindonesia,Media Indonesia,pemerintah kabupaten karawang  jawa barat  beberapa kali menetapkan pembatasan sosial berskala besar  psbb  namun kasus positif covid    justru meningkat  kini  pemkab karawang menetapkan pembatasan sosial berskala mikro  psbm     ,https://twitter.com/mediaindonesia/status/1343495511966318592,"[('pemerintah', 'n'), ('kabupaten', 'v'), ('karawang', 'n'), ('jawa', 'n'), ('barat', 'n'), ('kali', 'n'), ('menetapkan', 'n'), ('pembatasan', None), ('sosial', None), ('berskala', 'n'), ('psbb', 'n'), ('positif', 'n'), ('covid', 'n'), ('meningkat', 'n'), ('pemkab', 'n'), ('karawang', 'v'), ('menetapkan', None), ('pembatasan', None), ('sosial', None), ('berskala', 'n'), ('mikro', 'n'), ('psbm', 'n')]",FAKTA
1.61E+12,12/27/2020 14:53,456426648,merdekadotcom,Merdeka.com,covid    terus melonjak  pemprov dki berencana perketat psbb lagi  wakil gubernur dki jakarta ahmad riza patria mengatakan pemerintah provinsi sedang mempertimbangkan kembali mengambil kebijakan pembatasan sosial berskala besar  psbb  ketat  langkah ini   ,https://twitter.com/merdekadotcom/status/1343102578066771968,"[('covid', 'n'), ('melonjak', 'n'), ('pemprov', 'n'), ('dki', 'n'), ('berencana', 'n'), ('perketat', 'n'), ('psbb', 'n'), ('wakil', 'n'), ('gubernur', 'n'), ('dki', 'n'), ('jakarta', 'n'), ('ahmad', None), ('riza', 'n'), ('patria', 'n'), ('pemerintah', 'n'), ('provinsi', 'n'), ('mempertimbangkan', 'n'), ('mengambil', 'n'), ('kebijakan', 'n'), ('pembatasan', None), ('sosial', None), ('berskala', 'n'), ('psbb', 'n'), ('ketat', 'n'), ('langkah', 'n')]",FAKTA
1.61E+12,12/24/2020 16:12,346303384,BNPB_Indonesia,BNPB Indonesia,update sebaran daerah di indonesia yang memberlakukan pembatasan sosial berskala besar  psbb  tanggal    desember        bersatulawancovid    ,https://twitter.com/BNPB_Indonesia/status/1342035403780460545,"[('update', None), ('sebaran', 'n'), ('daerah', 'n'), ('indonesia', 'n'), ('memberlakukan', None), ('pembatasan', None), ('sosial', None), ('berskala', 'n'), ('psbb', None), ('tanggal', None), ('desember', 'n'), ('bersatulawancovid', 'n')]",FAKTA
1.61E+12,12/23/2020 10:53,18129942,tempodotco,tempo.co,gubernur dki jakarta anies baswedan mengumumkan kembali memperpanjang pembatasan sosial berskala besar atau psbb transisi hingga   januari mendatang  tempometro  ,https://twitter.com/tempodotco/status/1341592851889569793,"[('gubernur', 'n'), ('dki', 'n'), ('jakarta', 'n'), ('anies', 'n'), ('baswedan', 'v'), ('mengumumkan', None), ('memperpanjang', 'n'), ('pembatasan', None), ('sosial', None), ('berskala', 'n'), ('psbb', 'n'), ('transisi', 'n'), ('januari', 'n'), ('tempometro', 'n')]",FAKTA
1.61E+12,12/22/2020 15:00,41730943,VIVAcoid,VivaCoid,pemerintah provinsi dki jakarta masih terus memberlakukan pembatasan sosial berskala besar  psbb    menjelang natal dan tahun baru  terdapat beberapa aturan baru yang diterapkan mulai    desember hingga   januari       apa saja  simak infografiknya      ,https://twitter.com/VIVAcoid/status/1341292439794053121,"[('pemerintah', 'n'), ('provinsi', 'n'), ('dki', 'n'), ('jakarta', 'n'), ('memberlakukan', None), ('pembatasan', None), ('sosial', None), ('berskala', 'n'), ('psbb', 'n'), ('menjelang', 'n'), ('natal', None), ('aturan', 'n'), ('diterapkan', 'n'), ('desember', 'n'), ('januari', 'n'), ('simak', 'n'), ('infografiknya', 'n')]",FAKTA
1.61E+12,12/22/2020 14:12,69183155,detikcom,detikcom,pembatasan sosial berskala besar  psbb  dki jakarta diperpanjang selama    hari  apakah psbb bodebek akan ikut diperpanjang  bodebek psbb  ,https://twitter.com/detikcom/status/1341280377424535552,"[('pembatasan', None), ('sosial', None), ('berskala', 'n'), ('psbb', 'n'), ('dki', 'n'), ('jakarta', 'n'), ('diperpanjang', 'n'), ('psbb', 'n'), ('bodebek', 'n'), ('diperpanjang', 'n'), ('bodebek', 'n'), ('psbb', 'n')]",FAKTA
1.61E+12,12/22/2020 10:34,20963426,korantempo,Koran Tempo,tren penjualan mobil bekas terus membaik sejak juli lalu  setelah pemerintah melonggarkan pembatasan sosial berskala besar  platform jual beli mobil online mulai mendapat konsumen  korantempodigital korantempo  ,https://twitter.com/korantempo/status/1341225620290719747,"[('tren', 'n'), ('penjualan', 'v'), ('mobil', None), ('bekas', 'n'), ('membaik', 'n'), ('juli', 'n'), ('pemerintah', 'n'), ('melonggarkan', 'n'), ('pembatasan', None), ('sosial', None), ('berskala', 'n'), ('platform', 'n'), ('jual', None), ('beli', 'n'), ('mobil', 'n'), ('online', 'n'), ('konsumen', 'n'), ('korantempodigital', 'v'), ('korantempo', 'n')]",FAKTA
1.61E+12,12/21/2020 22:36,456426648,merdekadotcom,Merdeka.com,pemkab bogor berikan rp   miliar untuk korban phk  ade mengungkapkan  selama pandemi covid    adanya peningkatan jumlah pengangguran dan kemiskinan di bumi tegar beriman  terlebih  penerapan pembatasan sosial berskala besar  psbb  membuat sektor industri   ,https://twitter.com/merdekadotcom/status/1341044766528573441,"[('pemkab', 'n'), ('bogor', 'n'), ('rp', 'n'), ('miliar', 'n'), ('korban', 'n'), ('phk', 'n'), ('ade', 'v'), ('pandemi', 'n'), ('covid', 'n'), ('peningkatan', 'n'), ('pengangguran', 'n'), ('kemiskinan', 'n'), ('bumi', 'n'), ('tegar', 'n'), ('beriman', 'n'), ('penerapan', 'n'), ('pembatasan', 'v'), ('sosial', None), ('berskala', 'n'), ('psbb', 'n'), ('sektor', 'n'), ('industri', 'n')]",FAKTA
1.61E+12,12/21/2020 21:14,79130206,jpnncom,JPNN.com,pemerintah provinsi dki jakarta memutuskan untuk memperpanjang pembatasan sosial berskala besar  psbb  transisi terhitung hari ini senin         hingga minggu        psbbtransisi  ,https://twitter.com/jpnncom/status/1341024133614772226,"[('pemerintah', 'n'), ('provinsi', 'n'), ('dki', 'n'), ('jakarta', 'n'), ('memutuskan', 'n'), ('memperpanjang', 'n'), ('pembatasan', None), ('sosial', None), ('berskala', 'n'), ('psbb', 'n'), ('transisi', 'n'), ('terhitung', 'n'), ('senin', 'n'), ('minggu', 'n'), ('psbbtransisi', 'n')]",FAKTA
1.61E+12,12/21/2020 14:27,2393930923,lensaRTV,Lensa Indonesia RTV,gubernur dki jakarta  anies baswedan kembali memperpanjang pembatasan sosial berskala besar  psbb  transisi hingga   januari       sayabisadisiplinprotokolcovid   cerdascovid   aniesbaswedan jakarta liburnataldantahunbaru corona covid   psbb psbbtransisi psbbjakarta  ,https://twitter.com/lensaRTV/status/1340921846384873473,"[('gubernur', 'n'), ('dki', 'n'), ('jakarta', 'n'), ('anies', 'n'), ('baswedan', 'v'), ('memperpanjang', None), ('pembatasan', None), ('sosial', None), ('berskala', 'n'), ('psbb', 'n'), ('transisi', 'n'), ('januari', 'n'), ('sayabisadisiplinprotokolcovid', 'n'), ('cerdascovid', 'n'), ('aniesbaswedan', 'n'), ('jakarta', 'n'), ('liburnataldantahunbaru', 'n'), ('corona', 'n'), ('covid', 'n'), ('psbb', 'n'), ('psbbtransisi', 'n'), ('psbbjakarta', 'n')]",FAKTA
1.61E+12,12/21/2020 14:11,456426648,merdekadotcom,Merdeka.com,wagub riza imbau warga jakarta tetap di rumah saat libur natal dan tahun baru  pemprov dki jakarta memutuskan kembali memperpanjang penerapan pembatasan sosial berskala besar  psbb  transisi hingga   januari       masa pemberlakuan psbb transisi   ,https://twitter.com/merdekadotcom/status/1340917682053345280,"[('wagub', 'n'), ('riza', 'n'), ('imbau', 'n'), ('warga', 'n'), ('jakarta', 'n'), ('rumah', 'n'), ('libur', 'n'), ('natal', None), ('pemprov', 'n'), ('dki', 'n'), ('jakarta', 'n'), ('memutuskan', 'n'), ('memperpanjang', 'n'), ('penerapan', 'n'), ('pembatasan', 'v'), ('sosial', None), ('berskala', 'n'), ('psbb', 'n'), ('transisi', 'n'), ('januari', 'n'), ('pemberlakuan', None), ('psbb', 'n'), ('transisi', 'n')]",FAKTA
1.61E+12,12/21/2020 14:05,8.43E+17,telusur_co_id,Telusur.co.id,gubernur dki jakarta anies baswedan kembali memperpanjang masa pembatasan sosial berskala besar  psbb  transisi ,https://twitter.com/telusur_co_id/status/1340916390048329728,"[('gubernur', 'n'), ('dki', 'n'), ('jakarta', 'n'), ('anies', 'n'), ('baswedan', 'v'), ('memperpanjang', 'n'), ('pembatasan', None), ('sosial', None), ('berskala', 'n'), ('psbb', 'n'), ('transisi', 'n')]",FAKTA
1.61E+12,12/21/2020 14:00,41730943,VIVAcoid,VivaCoid,gubernur dki jakarta  anies baswedan  memperpanjang pembatasan sosial berskala besar  psbb  transisi di ibu kota mulai    desember hingga   januari            vivacoid psbb aniesbaswedan anies  ,https://twitter.com/VIVAcoid/status/1340914982851063809,"[('gubernur', 'n'), ('dki', 'n'), ('jakarta', 'n'), ('anies', 'n'), ('baswedan', 'v'), ('memperpanjang', None), ('pembatasan', None), ('sosial', None), ('berskala', 'n'), ('psbb', 'n'), ('transisi', 'n'), ('kota', 'n'), ('desember', 'n'), ('januari', 'n'), ('vivacoid', 'n'), ('psbb', 'n'), ('aniesbaswedan', 'n'), ('anies', 'n')]",FAKTA
1.61E+12,12/21/2020 13:11,456426648,merdekadotcom,Merdeka.com,pemprov dki bakal tindak tegas pelanggar protokol kesehatan saat natal dan tahun baru  pemprov dki jakarta memutuskan kembali memperpanjang penerapan pembatasan sosial berskala besar  psbb  transisi hingga   januari       masa pemberlakuan psbb transisi   ,https://twitter.com/merdekadotcom/status/1340902584014368769,"[('pemprov', 'n'), ('dki', 'n'), ('tindak', 'n'), ('pelanggar', 'n'), ('protokol', 'n'), ('kesehatan', 'n'), ('natal', None), ('pemprov', 'n'), ('dki', 'n'), ('jakarta', 'n'), ('memutuskan', 'n'), ('memperpanjang', 'n'), ('penerapan', 'n'), ('pembatasan', 'v'), ('sosial', None), ('berskala', 'n'), ('psbb', 'n'), ('transisi', 'n'), ('januari', 'n'), ('pemberlakuan', None), ('psbb', 'n'), ('transisi', 'n')]",FAKTA
1.61E+12,12/21/2020 11:53,41730943,VIVAcoid,VivaCoid,psbb transisi di jakarta diperpanjang hingga   januari       pemprov dki jakarta kembali memperpanjang pembatasan sosial berskala besar  psbb  masa transisi menuju masyarakat sehat  aman  dan produktif hingga   januari          ,https://twitter.com/VIVAcoid/status/1340882949466558467,"[('psbb', 'n'), ('transisi', 'n'), ('jakarta', 'n'), ('diperpanjang', 'n'), ('januari', 'n'), ('pemprov', 'n'), ('dki', 'n'), ('jakarta', 'n'), ('memperpanjang', 'n'), ('pembatasan', None), ('sosial', None), ('berskala', 'n'), ('psbb', 'n'), ('transisi', 'n'), ('masyarakat', 'n'), ('sehat', None), ('aman', 'v'), ('produktif', 'n'), ('januari', 'n')]",FAKTA
1.61E+12,12/21/2020 11:52,69183155,detikcom,detikcom,pemprov dki jakarta kembali memperpanjang masa pembatasan sosial berskala besar  psbb  transisi selama    hari  lalu bagaimana psbb proporsional di jawa barat  psbb bodebek  ,https://twitter.com/detikcom/status/1340882888301154304,"[('pemprov', 'n'), ('dki', 'n'), ('jakarta', 'n'), ('memperpanjang', 'n'), ('pembatasan', None), ('sosial', None), ('berskala', 'n'), ('psbb', 'n'), ('transisi', 'n'), ('psbb', 'v'), ('proporsional', None), ('jawa', 'n'), ('barat', 'n'), ('psbb', 'n'), ('bodebek', 'n')]",FAKTA
1.61E+12,12/21/2020 11:22,23343960,kompascom,Kompas.com,penerapan pembatasan sosial berskala besar  psbb  untuk seluruh wilayah banten kembali diperpanjang hingga satu bulan ke depan   ,https://twitter.com/kompascom/status/1340875152569974784,"[('penerapan', 'n'), ('pembatasan', 'v'), ('sosial', None), ('berskala', 'n'), ('psbb', 'n'), ('wilayah', 'n'), ('banten', 'v'), ('diperpanjang', 'n')]",FAKTA
1.59E+12,6/18/2020 2:26,47596019,liputan6dotcom,LIPUTAN6,layanan mobil wisata monas dihentikan sementara selama psbb transisi  ,https://twitter.com/liputan6dotcom/status/1273336243611299840,"[('layanan', 'n'), ('mobil', 'n'), ('wisata', 'n'), ('monas', 'n'), ('dihentikan', 'v'), ('psbb', 'n'), ('transisi', 'n')]",FAKTA
1.59E+12,6/17/2020 22:57,47596019,liputan6dotcom,LIPUTAN6,tempat hiburan di dki belum bisa buka di masa psbb transisi  ini alasannya  ,https://twitter.com/liputan6dotcom/status/1273283524297031680,"[('hiburan', 'n'), ('dki', 'n'), ('buka', 'n'), ('psbb', 'n'), ('transisi', 'n'), ('alasannya', 'n')]",FAKTA
1.59E+12,6/17/2020 21:07,47596019,liputan6dotcom,LIPUTAN6,potret rumah mewah seperti istana selebgram rica andriani  rica andriani sebelumnya sempat menghebohkan publik saat pernikahannya dilakukan saat psbb   ,https://twitter.com/liputan6dotcom/status/1273255844927307778,"[('potret', None), ('rumah', 'n'), ('mewah', 'n'), ('istana', 'n'), ('selebgram', 'n'), ('rica', 'n'), ('andriani', 'n'), ('rica', 'n'), ('andriani', 'v'), ('menghebohkan', 'n'), ('publik', 'n'), ('pernikahannya', 'n'), ('psbb', 'n')]",FAKTA
1.59E+12,6/17/2020 18:11,47596019,liputan6dotcom,LIPUTAN6,foto  psbb  bawang merah merangkak naik  ,https://twitter.com/liputan6dotcom/status/1273211550895988736,"[('foto', 'n'), ('psbb', 'n'), ('bawang', 'n'), ('merah', 'n'), ('merangkak', 'n')]",FAKTA
1.59E+12,6/17/2020 14:29,47596019,liputan6dotcom,LIPUTAN6,penumpang di bandara angkasa pura i merangkak naik usai psbb dilonggarkan  ,https://twitter.com/liputan6dotcom/status/1273155683836452865,"[('penumpang', 'n'), ('bandara', 'n'), ('angkasa', None), ('pura', 'n'), ('i', 'n'), ('merangkak', 'v'), ('psbb', 'n'), ('dilonggarkan', 'n')]",FAKTA
1.59E+12,6/17/2020 14:10,47596019,liputan6dotcom,LIPUTAN6,pln diminta beri kompensasi lonjakan tagihan listrik akibat psbb  ,https://twitter.com/liputan6dotcom/status/1273150901092593664,"[('pln', 'n'), ('kompensasi', 'n'), ('lonjakan', 'n'), ('tagihan', 'n'), ('listrik', 'n'), ('akibat', 'n'), ('psbb', 'n')]",FAKTA
1.59E+12,6/17/2020 11:11,47596019,liputan6dotcom,LIPUTAN6,    ribu kendaraan masuk jakarta selama psbb transisi  ,https://twitter.com/liputan6dotcom/status/1273105849184116737,"[('ribu', 'n'), ('kendaraan', 'n'), ('masuk', 'n'), ('jakarta', 'n'), ('psbb', 'n'), ('transisi', 'n')]",FAKTA
1.59E+12,6/17/2020 7:42,47596019,liputan6dotcom,LIPUTAN6,anies sebut tidak ada tanda jakarta kembali ke psbb  ,https://twitter.com/liputan6dotcom/status/1273053381536256000,"[('anies', 'n'), ('tanda', 'n'), ('jakarta', 'n'), ('psbb', 'n')]",FAKTA
1.59E+12,6/17/2020 7:35,47596019,liputan6dotcom,LIPUTAN6,deddy mizwar dan ppfi desak penerbitan protokol kesehatan di sektor perfilman  deddy mizwar khawatir dengan adanya aktivitas syuting yang tidak mengikuti protokol kesehatan khusus di masa psbb   ,https://twitter.com/liputan6dotcom/status/1273051501083025408,"[('deddy', None), ('mizwar', None), ('ppfi', 'n'), ('desak', 'n'), ('penerbitan', 'n'), ('protokol', 'n'), ('kesehatan', 'n'), ('sektor', 'n'), ('perfilman', 'n'), ('deddy', 'v'), ('mizwar', None), ('khawatir', 'n'), ('aktivitas', 'n'), ('syuting', 'v'), ('mengikuti', 'n'), ('protokol', 'n'), ('kesehatan', None), ('khusus', 'n'), ('psbb', 'n')]",FAKTA
1.59E+12,6/17/2020 6:07,47596019,liputan6dotcom,LIPUTAN6,belasan pelanggar psbb di semper barat dikenakan sanksi membersihkan fasum  ,https://twitter.com/liputan6dotcom/status/1273029476788518913,"[('belasan', None), ('pelanggar', 'n'), ('psbb', 'n'), ('semper', None), ('barat', 'n'), ('dikenakan', 'n'), ('sanksi', 'n'), ('membersihkan', 'n'), ('fasum', 'n')]",FAKTA
1.59E+12,7/13/2020 9:09,47596019,liputan6dotcom,LIPUTAN6,meski psbb tangerang diperpanjang  pemda beri sejumlah kelonggaran  ,https://twitter.com/liputan6dotcom/status/1282497229987606529,"[('psbb', 'n'), ('tangerang', 'n'), ('diperpanjang', 'n'), ('pemda', 'n'), ('kelonggaran', 'n')]",FAKTA
1.59E+12,7/13/2020 8:37,47596019,liputan6dotcom,LIPUTAN6,ingin jadi zona hijau  alasan psbb tangerang raya diperpanjang  ,https://twitter.com/liputan6dotcom/status/1282489179167879169,"[('zona', 'n'), ('hijau', 'n'), ('alasan', 'n'), ('psbb', 'n'), ('tangerang', 'n'), ('raya', 'n'), ('diperpanjang', 'n')]",FAKTA
1.59E+12,7/13/2020 7:58,47596019,liputan6dotcom,LIPUTAN6,metro sepekan  pesan terakhir editor metro tv hingga psbb tangerang raya diperpanjang  ,https://twitter.com/liputan6dotcom/status/1282479368111943680,"[('metro', 'n'), ('sepekan', None), ('pesan', None), ('editor', 'n'), ('metro', None), ('tv', 'n'), ('psbb', 'n'), ('tangerang', 'n'), ('raya', 'n'), ('diperpanjang', 'n')]",FAKTA
1.59E+12,7/12/2020 16:27,47596019,liputan6dotcom,LIPUTAN6,psbb tangerang raya kembali diperpanjang hingga    juli       ,https://twitter.com/liputan6dotcom/status/1282245080007405568,"[('psbb', 'n'), ('tangerang', 'n'), ('raya', 'n'), ('diperpanjang', 'n'), ('juli', 'n')]",FAKTA
1.59E+12,7/12/2020 9:11,47596019,liputan6dotcom,LIPUTAN6,mulai buka saat psbb  ini waktu operasional pusat kebugaran hingga lapangan golf  ,https://twitter.com/liputan6dotcom/status/1282135348034678790,"[('buka', 'n'), ('psbb', 'n'), ('operasional', None), ('pusat', 'n'), ('kebugaran', 'v'), ('lapangan', None), ('golf', 'n')]",FAKTA
1.59E+12,7/10/2020 14:27,47596019,liputan6dotcom,LIPUTAN6,kasus baru covid    melonjak  ketua mpr minta   daerah ini kembali terapkan psbb  ,https://twitter.com/liputan6dotcom/status/1281490098865836032,"[('covid', 'n'), ('melonjak', 'n'), ('ketua', 'n'), ('mpr', 'n'), ('daerah', 'n'), ('terapkan', 'n'), ('psbb', 'n')]",FAKTA
1.59E+12,7/10/2020 7:08,47596019,liputan6dotcom,LIPUTAN6,beroperasi di masa psbb  tempat karaoke di cilandak didenda rp    juta  ,https://twitter.com/liputan6dotcom/status/1281379748984131584,"[('beroperasi', 'n'), ('psbb', 'n'), ('karaoke', 'v'), ('cilandak', 'n'), ('didenda', 'n'), ('rp', 'n'), ('juta', 'n')]",FAKTA
1.59E+12,7/8/2020 19:12,47596019,liputan6dotcom,LIPUTAN6,foto  psbb transisi  penjualan sambel dalam kemasan turun    persen  ,https://twitter.com/liputan6dotcom/status/1280837186078732288,"[('foto', 'n'), ('psbb', 'n'), ('transisi', 'n'), ('penjualan', 'n'), ('sambel', 'v'), ('kemasan', None), ('turun', 'n'), ('persen', 'n')]",FAKTA
1.59E+12,7/8/2020 7:28,47596019,liputan6dotcom,LIPUTAN6,disparekraf dki peringatkan diskotek top one karena buka di masa psbb  ,https://twitter.com/liputan6dotcom/status/1280660000650620928,"[('disparekraf', 'n'), ('dki', 'n'), ('peringatkan', None), ('diskotek', 'n'), ('top', None), ('one', None), ('buka', 'n'), ('psbb', 'n')]",FAKTA
1.59E+12,7/8/2020 6:17,47596019,liputan6dotcom,LIPUTAN6,pelanggar psbb di mangga besar dan gondangdia ditindak tegas  ,https://twitter.com/liputan6dotcom/status/1280642007128395776,"[('pelanggar', 'n'), ('psbb', 'n'), ('mangga', 'n'), ('gondangdia', 'n'), ('ditindak', 'n')]",FAKTA
1.60E+12,7/19/2020 18:33,23343960,kompascom,Kompas.com,sejumlah kegiatan diizinkan beroperasi selama perpanjangan psbb transisi dengan syarat membatasi jumlah pengunjung hanya    persen dari kapasitas normal   nasional  ,https://twitter.com/kompascom/status/1284813485256445952,"[('kegiatan', 'n'), ('diizinkan', 'n'), ('beroperasi', 'n'), ('perpanjangan', 'n'), ('psbb', 'n'), ('transisi', 'n'), ('syarat', 'n'), ('membatasi', 'n'), ('pengunjung', 'n'), ('persen', 'n'), ('kapasitas', 'n'), ('normal', None), ('nasional', None)]",FAKTA
1.60E+12,7/19/2020 13:32,23343960,kompascom,Kompas.com,anies memutuskan untuk kembali memperpanjang psbb transisi fase pertama selama dua pekan  terhitung mulai jumat             sampai    juli        ,https://twitter.com/kompascom/status/1284737872050810881,"[('anies', 'n'), ('memutuskan', 'v'), ('memperpanjang', 'n'), ('psbb', 'n'), ('transisi', 'n'), ('fase', 'n'), ('pekan', 'n'), ('terhitung', 'n'), ('jumat', 'n'), ('juli', 'n')]",FAKTA
1.60E+12,7/18/2020 21:50,23343960,kompascom,Kompas.com,ridwan kamil menetapkan perpanjangan psbb bodebek hingga   agustus        ,https://twitter.com/kompascom/status/1284500809753878534,"[('ridwan', 'n'), ('kamil', 'n'), ('menetapkan', 'n'), ('perpanjangan', None), ('psbb', None), ('bodebek', 'n'), ('agustus', 'n')]",FAKTA
1.60E+12,7/18/2020 20:24,23343960,kompascom,Kompas.com,setelah dua kali psbb diberlakukan  pemerintah kota ambon akan kembali memberlakukan psbb transisi pada senin             pekan depan   ,https://twitter.com/kompascom/status/1284479046475108357,"[('kali', 'n'), ('psbb', 'n'), ('diberlakukan', 'n'), ('pemerintah', 'n'), ('kota', 'n'), ('ambon', 'n'), ('memberlakukan', 'n'), ('psbb', 'n'), ('transisi', 'n'), ('senin', 'n'), ('pekan', 'n')]",FAKTA
1.59E+12,7/17/2020 17:36,23343960,kompascom,Kompas.com,psbb kabupaten bogor diperpanjang   ,https://twitter.com/kompascom/status/1284074507141971969,"[('psbb', 'n'), ('kabupaten', 'v'), ('bogor', 'n'), ('diperpanjang', 'n')]",FAKTA
1.59E+12,7/17/2020 17:18,23343960,kompascom,Kompas.com,dalam penanganan pandemi virus corona  covid      pemerintah pun memutuskan untuk menerapkan pembatasan sosial berskala besar  psbb    ,https://twitter.com/kompascom/status/1284069862923358208,"[('penanganan', 'n'), ('pandemi', 'n'), ('virus', 'n'), ('corona', 'n'), ('covid', 'n'), ('pemerintah', 'n'), ('memutuskan', 'n'), ('menerapkan', None), ('pembatasan', None), ('sosial', None), ('berskala', 'n'), ('psbb', 'n')]",FAKTA
1.59E+12,7/17/2020 17:04,23343960,kompascom,Kompas.com,menurut dia  penyebab pelanggar masker melonjak saat psbb transisi  karena masyarakat merasa sudah mulai jenuh untuk mengikuti protokol kesehatan covid      megapolitan  ,https://twitter.com/kompascom/status/1284066312415850498,"[('penyebab', 'n'), ('pelanggar', 'n'), ('masker', 'n'), ('melonjak', 'n'), ('psbb', 'n'), ('transisi', 'n'), ('masyarakat', 'n'), ('jenuh', 'n'), ('mengikuti', 'n'), ('protokol', 'n'), ('kesehatan', 'n'), ('covid', 'n'), ('megapolitan', 'n')]",FAKTA
1.65822E+12,7/19/2022 16:40,1.44435E+18,SlametKasan,Slamet Suhandoko Kasan Widjoyo,    virus covid    sars h n  h n   berawal dari negara china tiongkok semuanya itu berasal,https://twitter.com/SlametKasan/status/1549328268863881217,"[('virus', 'n'), ('covid', 'n'), ('sars', 'n'), ('h', 'v'), ('n', None), ('h', 'n'), ('n', None), ('negara', None), ('china', 'n'), ('tiongkok', 'n'), ('berasal', 'n')]",FAKTA
1.65763E+12,7/12/2022 18:27,1.48871E+18,SekuritasBahana,Bahana Sekuritas,pandemi covid    memang berasal dari china dan kini kembali merebak di china  terkait covid     pemerintah china punya langkah tegas dalam menangani wabah lewat kebijakan nol covid ,https://twitter.com/SekuritasBahana/status/1546818626220539906,"[('pandemi', 'n'), ('covid', 'n'), ('berasal', 'n'), ('china', 'n'), ('merebak', 'n'), ('china', 'n'), ('terkait', 'n'), ('covid', 'n'), ('pemerintah', 'n'), ('china', 'n'), ('langkah', 'n'), ('menangani', 'n'), ('wabah', 'n'), ('kebijakan', 'n'), ('nol', 'n'), ('covid', 'n')]",FAKTA
1.65701E+12,7/5/2022 16:16,241936971,FitRadioBandung,94.8 FM FIT Radio Bandung,mui mengeluarkan fatwa menetapkan vaksin covid    buatan cansino china  convidecia  adalah haram   hal ini dikarenakan dalam proses produksi vaksin cansino ternyata memanfaatkan bagian tubuh manusia  yaitu sel yg berasal dari ginjal embrio bayi manusia   staysafe stayfitforlife  ,https://twitter.com/FitRadioBandung/status/1544248719939362821,"[('mui', 'n'), ('mengeluarkan', 'n'), ('fatwa', 'n'), ('menetapkan', 'n'), ('vaksin', 'n'), ('covid', 'n'), ('buatan', 'n'), ('cansino', 'n'), ('china', 'n'), ('convidecia', 'n'), ('haram', 'n'), ('proses', 'v'), ('produksi', None), ('vaksin', 'n'), ('cansino', 'n'), ('memanfaatkan', 'n'), ('tubuh', 'n'), ('manusia', 'n'), ('sel', 'n'), ('yg', 'n'), ('berasal', 'n'), ('ginjal', None), ('embrio', 'n'), ('bayi', 'n'), ('manusia', 'n'), ('staysafe', None), ('stayfitforlife', 'n')]",FAKTA
1.6567E+12,7/2/2022 1:51,9.80098E+17,AlbertSolo2,Albert Solo,badan kesehatan dunia who hingga saat ini masih melakukan penyelidikan terkait dari mana asal muasal virus corona atau covid    tersebut berasal  selama ini  sejumlah negara barat seperti amerika serikat dan uni eropa menuduh china adalah negara asal covid    tersebut ,https://twitter.com/AlbertSolo2/status/1542943936640978944,"[('badan', 'n'), ('kesehatan', 'n'), ('dunia', 'n'), ('who', None), ('penyelidikan', None), ('terkait', 'n'), ('muasal', 'n'), ('virus', 'n'), ('corona', 'n'), ('covid', 'n'), ('berasal', 'n'), ('negara', None), ('barat', 'n'), ('amerika', None), ('serikat', None), ('uni', None), ('eropa', 'n'), ('menuduh', 'n'), ('china', 'n'), ('negara', 'n'), ('covid', 'n')]",FAKTA
1.65648E+12,6/29/2022 12:28,1.38541E+18,OmegaF1998,Omega1998,   tka aseng yang berasal dari china awal mula covid  didatangkan lalu rakyat difitnah sebagai penyebar covid  migor langka  rakyat yang difitnah sebagai biang kelangkaan migor bukadraftrkuhp  bukadraftrkuhp,https://twitter.com/OmegaF1998/status/1542017129725427712,"[('tka', 'n'), ('aseng', 'n'), ('berasal', 'n'), ('china', 'n'), ('covid', 'n'), ('rakyat', 'n'), ('difitnah', 'n'), ('penyebar', 'n'), ('covid', 'n'), ('migor', 'n'), ('langka', 'n'), ('rakyat', 'n'), ('difitnah', 'n'), ('biang', 'n'), ('kelangkaan', 'v'), ('migor', None), ('bukadraftrkuhp', 'n'), ('bukadraftrkuhp', 'n')]",FAKTA
1.65615E+12,6/25/2022 17:12,9.80098E+17,AlbertSolo2,Albert Solo,kasus harian covid    di wilayah khusus makau china kembali melonjak akibatnya pemerintah negara bekas protektorat portugal tersebut kembali menutup semua bisnis kecuali rumah judi di negara tersebut penghasilan utama makau china memang berasal dari pajak rumah judi ,https://twitter.com/AlbertSolo2/status/1540638977702895617,"[('harian', None), ('covid', 'n'), ('wilayah', 'n'), ('khusus', 'n'), ('makau', None), ('china', 'n'), ('melonjak', 'n'), ('akibatnya', 'n'), ('pemerintah', 'n'), ('negara', 'n'), ('bekas', 'n'), ('protektorat', 'n'), ('portugal', 'n'), ('menutup', None), ('bisnis', 'n'), ('kecuali', 'n'), ('rumah', 'n'), ('judi', 'n'), ('negara', 'n'), ('penghasilan', 'n'), ('utama', None), ('makau', 'n'), ('china', 'n'), ('berasal', 'n'), ('pajak', None), ('rumah', 'n'), ('judi', 'n')]",FAKTA
1.65545E+12,6/17/2022 13:26,9.80098E+17,AlbertSolo2,Albert Solo,antisipasi masuknya virus omicron yang berasal dari luar korea utara  pemerintah korea utara larang keras warga negara asing  masuk ke wilayah mereka  termasuk turis asal china dan russia  yang merupakan sekutu terdekat korea utara  sejak dulu korea utara darurat covid   ,https://twitter.com/AlbertSolo2/status/1537683121688104960,"[('antisipasi', 'n'), ('masuknya', 'n'), ('virus', 'n'), ('omicron', 'n'), ('berasal', 'n'), ('korea', 'n'), ('utara', None), ('pemerintah', 'n'), ('korea', 'n'), ('utara', 'n'), ('larang', 'n'), ('keras', None), ('warga', 'n'), ('negara', None), ('asing', 'v'), ('masuk', 'n'), ('wilayah', 'n'), ('turis', 'n'), ('china', None), ('russia', 'n'), ('sekutu', 'n'), ('terdekat', 'n'), ('korea', 'n'), ('utara', None), ('korea', 'n'), ('utara', None), ('darurat', 'n'), ('covid', 'n')]",FAKTA
1.65438E+12,6/5/2022 6:20,459817858,mawardinurullah,HIPOTESIS,neocov disebut sebut sebagai varian baru dari covid    usai era omicron  varian ini dilaporkan berasal dari china  apakah kejang  berdarah yg akhir  ini melanda china berasal dr neocov ,https://twitter.com/mawardinurullah/status/1533227217995845632,"[('neocov', 'r'), ('varian', None), ('covid', 'n'), ('era', 'n'), ('omicron', 'n'), ('varian', None), ('dilaporkan', 'n'), ('berasal', 'n'), ('china', 'n'), ('kejang', 'n'), ('berdarah', 'n'), ('yg', 'n'), ('melanda', 'n'), ('china', 'n'), ('berasal', 'n'), ('dr', 'n'), ('neocov', 'n')]",FAKTA
1.65107E+12,4/27/2022 20:53,1.45076E+18,hazelhartley_,Azel,ni virus namanya covid soalnya berasal dari china  kalo dari bandung namanya jadi kangvid ,https://twitter.com/hazelhartley_/status/1519313743838330881,"[('ni', None), ('virus', 'n'), ('namanya', 'n'), ('covid', 'n'), ('berasal', 'n'), ('china', 'n'), ('kalo', 'n'), ('bandung', 'n'), ('namanya', None), ('kangvid', 'n')]",FAKTA
1.65077E+12,4/24/2022 9:00,1.2982E+18,GoodDoggo107,Good Doggo,covid     tiongkok daratan  mainland china  melaporkan    kasus kematian harian covid     semua berasal dari shanghai  ini merupakan peningkatan kematian harian terbesar sejak wabah wuhan      lalu  kasus harian bergejala berada di        terendah dalam   minggu terakhir ,https://twitter.com/GoodDoggo107/status/1518047101741010944,"[('covid', 'n'), ('tiongkok', 'n'), ('daratan', None), ('mainland', 'n'), ('china', 'n'), ('melaporkan', None), ('kematian', None), ('harian', 'n'), ('covid', 'n'), ('berasal', 'n'), ('shanghai', None), ('peningkatan', 'n'), ('kematian', None), ('harian', None), ('terbesar', 'n'), ('wabah', 'n'), ('wuhan', 'n'), ('harian', None), ('bergejala', 'n'), ('terendah', 'n'), ('minggu', 'n')]",FAKTA
1.64923E+12,4/6/2022 13:05,1.41022E+18,OmuraSumitada,Praetorium,walau  diduga  covid berasal dari china akibat kelalaian laboratorium senjata kimia  dan china mampu membuat vaksin     but  actually it s not working at all        ,https://twitter.com/OmuraSumitada/status/1511585766434308096,"[('diduga', 'n'), ('covid', 'n'), ('berasal', 'n'), ('china', 'n'), ('akibat', 'n'), ('kelalaian', None), ('laboratorium', 'n'), ('senjata', 'n'), ('kimia', 'n'), ('china', 'n'), ('vaksin', 'n'), ('but', None), ('actually', 'r'), ('it', None), ('s', 'v'), ('not', 'r'), ('working', 'v'), ('at', None), ('all', None)]",FAKTA
1.64923E+12,4/6/2022 13:03,1.4123E+18,SumitadaOmura,Sacerdotum,walau  diduga  covid berasal dari china akibat kelalaian laboratorium senjata kimia  dan china mampu membuat vaksin     but  actually it s not working at all        ,https://twitter.com/SumitadaOmura/status/1511585430999007233,"[('diduga', 'n'), ('covid', 'n'), ('berasal', 'n'), ('china', 'n'), ('akibat', 'n'), ('kelalaian', None), ('laboratorium', 'n'), ('senjata', 'n'), ('kimia', 'n'), ('china', 'n'), ('vaksin', 'n'), ('but', None), ('actually', 'r'), ('it', None), ('s', 'v'), ('not', 'r'), ('working', 'v'), ('at', None), ('all', None)]",FAKTA
1.64922E+12,4/6/2022 13:01,7.09569E+17,LangkirKliwon,Langkir Kliwon,walau  diduga  covid berasal dari china akibat kelalaian laboratorium senjata kimia  dan china mampu membuat vaksin     but  actually it s not working at all        ,https://twitter.com/LangkirKliwon/status/1511584834266693637,"[('diduga', 'n'), ('covid', 'n'), ('berasal', 'n'), ('china', 'n'), ('akibat', 'n'), ('kelalaian', None), ('laboratorium', 'n'), ('senjata', 'n'), ('kimia', 'n'), ('china', 'n'), ('vaksin', 'n'), ('but', None), ('actually', 'r'), ('it', None), ('s', 'v'), ('not', 'r'), ('working', 'v'), ('at', None), ('all', None)]",FAKTA
1.64856E+12,3/29/2022 19:05,7.451E+17,daenpiliang,merdekabangsaku,covid    bukan berasal dari china tapi dari ukraine   ,https://twitter.com/daenpiliang/status/1508777384270450691,"[('covid', 'n'), ('berasal', 'n'), ('china', 'n'), ('ukraine', 'n')]",FAKTA
1.64852E+12,3/29/2022 8:22,1.2982E+18,GoodDoggo107,Good Doggo,tiongkok daratan  mainland china  melaporkan       kasus baru infeksi covid     peningkatan tertinggi sejak awal pandemi  hanya       kasus merupakan kasus konfirmasi bergejala covid     sisanya tidak bergejala dengan sebagian besar kasus berasal dari shanghai ,https://twitter.com/GoodDoggo107/status/1508615559595712514,"[('tiongkok', 'n'), ('daratan', 'n'), ('mainland', 'n'), ('china', 'n'), ('melaporkan', None), ('infeksi', 'n'), ('covid', 'n'), ('peningkatan', 'n'), ('tertinggi', 'n'), ('pandemi', 'n'), ('konfirmasi', 'n'), ('bergejala', 'n'), ('covid', 'n'), ('sisanya', 'n'), ('bergejala', 'n'), ('berasal', 'n'), ('shanghai', 'n')]",FAKTA
1.64792E+12,3/22/2022 9:40,1.13772E+18,ArdinalRais,🇲🇨#JohnWick007🇵🇸🇷🇺,rusia menemukan bahan pembuat covid     yakni zat patogen kelelawar  disebuah laboratorium amerika serikat di ukraina  penemuan tersebut menimbulkan kebingungan dunia pasalnya  selama ini covid    dicurigai berasal dari sebuah laboratorium di wuhan china     ,https://twitter.com/ArdinalRais/status/1506098432435699715,"[('rusia', 'n'), ('menemukan', 'n'), ('bahan', 'n'), ('pembuat', 'n'), ('covid', 'n'), ('zat', 'n'), ('patogen', 'n'), ('kelelawar', 'v'), ('disebuah', None), ('laboratorium', 'n'), ('amerika', None), ('serikat', 'n'), ('ukraina', None), ('penemuan', 'n'), ('menimbulkan', 'n'), ('kebingungan', 'v'), ('dunia', None), ('pasalnya', 'n'), ('covid', 'n'), ('dicurigai', 'n'), ('berasal', 'n'), ('laboratorium', 'n'), ('wuhan', None), ('china', 'n')]",FAKTA
1.64701E+12,3/11/2022 22:43,594431680,KopiLuwakSby,KOPI LUWAK original, skg ketahuan deh covid    bio weapon barat faktanya berasal dari amerika  china hanya jd kambing hitam ,https://twitter.com/KopiLuwakSby/status/1502309124675014656,"[('skg', None), ('ketahuan', 'n'), ('deh', 'n'), ('covid', 'n'), ('bio', 'n'), ('weapon', None), ('barat', 'n'), ('faktanya', 'n'), ('berasal', 'n'), ('amerika', None), ('china', 'n'), ('jd', 'n'), ('kambing', 'v'), ('hitam', 'n')]",FAKTA
1.64596E+12,2/27/2022 17:47,1.30062E+18,ckltvanila,eM,  lah yg nyenggol emng siapa  gaada yg nyebut china malihh  yg ada noh temen lu yang tbtb nimbrung mana oot banget lagi  gak sadar apa kalo covid berasal dari china  kok pede banget ngetik kayak gitu ,https://twitter.com/ckltvanila/status/1497886200702840834,"[('yg', 'n'), ('nyenggol', None), ('emng', 'n'), ('gaada', 'n'), ('yg', 'n'), ('nyebut', None), ('china', 'n'), ('malihh', 'n'), ('yg', 'n'), ('noh', None), ('temen', 'n'), ('lu', 'v'), ('tbtb', None), ('nimbrung', 'n'), ('oot', 'v'), ('banget', 'v'), ('gak', 'n'), ('sadar', 'n'), ('kalo', 'n'), ('covid', 'n'), ('berasal', 'n'), ('china', 'n'), ('pede', 'n'), ('banget', 'n'), ('ngetik', None), ('kayak', 'n'), ('gitu', 'n')]",FAKTA
1.64596E+12,2/27/2022 17:41,1.16385E+18,taeluvv30,Fitriani - (kinda ia),bukan nya covid berasal dari china dah ni mba nya ada masalah apa si sama hidupnya,https://twitter.com/taeluvv30/status/1497884616501334016,"[('nya', 'n'), ('covid', 'n'), ('berasal', 'n'), ('china', 'n'), ('dah', 'n'), ('ni', None), ('mba', 'n'), ('nya', None), ('si', 'n'), ('hidupnya', 'n')]",FAKTA
1.64596E+12,2/27/2022 17:08,1.32999E+18,__babymy,AMIROG\PROOF/,  t ttapii kan emang orang china makan kelelawar ga sih  makannya ada covid yang berasal dari china,https://twitter.com/__babymy/status/1497876200995180546,"[('t', 'n'), ('ttapii', 'n'), ('emang', 'n'), ('orang', None), ('china', 'n'), ('makan', None), ('kelelawar', None), ('ga', 'n'), ('sih', 'n'), ('makannya', 'n'), ('covid', 'n'), ('berasal', 'n'), ('china', 'n')]",FAKTA
1.65913E+12,7/30/2022 5:32,1.28874E+18,Lantasresblw,satlantaspolrespelabuhanbelawan,kegiatan rutin yang ditingkatkan sat lantas polres pel blwn melaksanakan sosialisasi   peraturan berlalu lintas dan penerapan prokes serta menghimbau kepada masyarakat dan para pengguna jalan agar melaksanakan vaksin dan mencegah penyebaran wabah covid      ,https://twitter.com/Lantasresblw/status/1553146417279291392,"[('kegiatan', 'n'), ('rutin', 'n'), ('ditingkatkan', 'n'), ('sat', 'v'), ('lantas', None), ('polres', 'n'), ('pel', 'v'), ('blwn', None), ('melaksanakan', 'n'), ('sosialisasi', 'n'), ('peraturan', 'n'), ('lintas', None), ('penerapan', 'n'), ('prokes', 'n'), ('menghimbau', None), ('masyarakat', 'n'), ('pengguna', 'n'), ('jalan', 'n'), ('melaksanakan', None), ('vaksin', 'n'), ('mencegah', 'n'), ('penyebaran', 'n'), ('wabah', 'n'), ('covid', 'n')]",FAKTA
1.65908E+12,7/29/2022 13:25,1.35646E+18,mraldy13,mraldy,manfaat vaksin booster  dokter  untuk mencegah gejala berat dan long covid    booster lindungi diri  ,https://twitter.com/mraldy13/status/1552903102944010240,"[('manfaat', 'n'), ('vaksin', 'n'), ('booster', 'n'), ('dokter', 'n'), ('mencegah', 'n'), ('gejala', 'n'), ('berat', 'n'), ('long', 'r'), ('covid', None), ('booster', 'n'), ('lindungi', 'n')]",FAKTA
1.65908E+12,7/29/2022 13:20,1.44933E+18,uta41768366,Dewi Utari,jika memang vaksin cacar bisa mencegah cacar monyet  apa tidak sebaiknya vaksinasi cacar diutamakan ke masyarakat daripada boster ke   vaksin covid    ,https://twitter.com/uta41768366/status/1552901967353380865,"[('vaksin', 'n'), ('cacar', 'n'), ('mencegah', 'n'), ('cacar', 'n'), ('monyet', 'r'), ('vaksinasi', 'n'), ('cacar', 'n'), ('diutamakan', 'n'), ('masyarakat', 'n'), ('boster', 'n'), ('vaksin', 'n'), ('covid', 'n')]",FAKTA
1.65907E+12,7/29/2022 12:26,235458355,aiistwts,aulia ika i,nanti juga dia bakal vaksin covid juga insyaallah  kenapa vaksinnya buanyak  ya emang penyakitnya buanyak  lek aku se lebih baik mencegah daripada mengobati ,https://twitter.com/aiistwts/status/1552888302881370118,"[('vaksin', 'n'), ('covid', 'n'), ('insyaallah', 'n'), ('vaksinnya', 'n'), ('buanyak', 'n'), ('ya', 'n'), ('emang', 'v'), ('penyakitnya', None), ('buanyak', 'n'), ('lek', 'n'), ('mencegah', 'n'), ('mengobati', 'n')]",FAKTA
1.65907E+12,7/29/2022 12:09,1.14555E+18,PklHumas,Humas Polsek Pkl. Susu,kegiatan   kasium polsek pangkalan susu aiptu sugiharto melaksanakan kegiatan monitoring vaksin untuk masyarakat umum di upt puskesmas pkl  susu sehingga masyarakat dapat mencegah penyebaran covid      ,https://twitter.com/PklHumas/status/1552884055058059265,"[('kegiatan', None), ('kasium', 'n'), ('polsek', 'n'), ('pangkalan', 'n'), ('susu', 'v'), ('aiptu', None), ('sugiharto', 'n'), ('melaksanakan', None), ('kegiatan', 'n'), ('monitoring', 'n'), ('vaksin', 'n'), ('masyarakat', 'n'), ('upt', None), ('puskesmas', 'n'), ('pkl', 'n'), ('susu', 'n'), ('masyarakat', 'n'), ('mencegah', 'n'), ('penyebaran', 'n'), ('covid', 'n')]",FAKTA
1.65907E+12,7/29/2022 11:36,4756031396,YDarmokoesumo,seeYen, jika tak mampu mencegah penularan  bukan berarti vaksin covid    lantas tak efektif  terbukti  vaksinasi booster bisa mengurangi risiko kematian covid    hingga    persen berdasarkan data kemenkes ri ,https://twitter.com/YDarmokoesumo/status/1552875688008777728,"[('mencegah', 'n'), ('penularan', 'n'), ('vaksin', 'n'), ('covid', 'n'), ('lantas', 'n'), ('efektif', None), ('terbukti', 'n'), ('vaksinasi', 'n'), ('booster', 'n'), ('mengurangi', 'n'), ('risiko', 'n'), ('kematian', None), ('covid', 'n'), ('persen', 'v'), ('berdasarkan', 'n'), ('data', 'n'), ('kemenkes', 'n'), ('ri', 'v')]",FAKTA
1.65907E+12,7/29/2022 11:23,912850970,SuryadiGatot,No Name,katanya vaksin fucksin mencegah keparahan   mencegah kematian kalau kena covid    kok  ,https://twitter.com/SuryadiGatot/status/1552872451909988353,"[('vaksin', 'n'), ('fucksin', 'n'), ('mencegah', 'n'), ('keparahan', 'n'), ('mencegah', 'n'), ('kematian', None), ('kena', 'n'), ('covid', 'n')]",FAKTA
1.65907E+12,7/29/2022 11:03,1.28874E+18,Lantasresblw,satlantaspolrespelabuhanbelawan,kegiatan rutin yang ditingkatkan sat lantas polres pel blwn melaksanakan sosialisasi   peraturan berlalu lintas dan penerapan prokes serta menghimbau kepada masyarakat dan para pengguna jalan agar melaksanakan vaksin dan mencegah penyebaran wabah covid      ,https://twitter.com/Lantasresblw/status/1552867295411974146,"[('kegiatan', 'n'), ('rutin', 'n'), ('ditingkatkan', 'n'), ('sat', 'v'), ('lantas', None), ('polres', 'n'), ('pel', 'v'), ('blwn', None), ('melaksanakan', 'n'), ('sosialisasi', 'n'), ('peraturan', 'n'), ('lintas', None), ('penerapan', 'n'), ('prokes', 'n'), ('menghimbau', None), ('masyarakat', 'n'), ('pengguna', 'n'), ('jalan', 'n'), ('melaksanakan', None), ('vaksin', 'n'), ('mencegah', 'n'), ('penyebaran', 'n'), ('wabah', 'n'), ('covid', 'n')]",FAKTA
1.65906E+12,7/29/2022 9:56,1.43184E+18,Lantas_Sergai,SAT LANTAS POLRES SERGAI,ayo vaksin dan patuhi prokes dalam kehidupan sehari hari  untuk mencegah penularan virus covid     pandemibelumberakhir  patuhiprotokolkesehatan  ingat m  bersatulawancovid    ,https://twitter.com/Lantas_Sergai/status/1552850542875267073,"[('ayo', 'n'), ('vaksin', 'n'), ('patuhi', 'n'), ('prokes', 'n'), ('kehidupan', 'v'), ('sehari', None), ('mencegah', 'n'), ('penularan', 'n'), ('virus', 'n'), ('covid', 'n'), ('pandemibelumberakhir', 'n'), ('patuhiprotokolkesehatan', 'n'), ('m', 'n'), ('bersatulawancovid', 'n')]",FAKTA
1.65906E+12,7/29/2022 9:26,1.46003E+18,AdrienPdkrUtr,Adrien, vaksin booster guna mencegah penyebaran covid     booster lindungi diri,https://twitter.com/AdrienPdkrUtr/status/1552842892376698880,"[('vaksin', 'n'), ('booster', 'n'), ('mencegah', 'n'), ('penyebaran', 'n'), ('covid', 'n'), ('booster', 'n'), ('lindungi', 'n')]",FAKTA
1.65906E+12,7/29/2022 8:30,2890721762,LINIKINI_ID,LINIKINI_ID,yeay  udah ada vaksin booster kedua nih  commuters   tapi dosis keempat ini  lebih diutamakan buat tenaga kesehatan ri yang lagi berjuang ngerawat pasien covid    ya   untuk mencegah tingginya kasus tersebut  jangan lupa selalu patuhi prokes yang ada   source   ,https://twitter.com/LINIKINI_ID/status/1552828761921695744,"[('yeay', 'n'), ('udah', None), ('vaksin', 'n'), ('booster', 'n'), ('nih', None), ('commuters', 'n'), ('dosis', 'n'), ('keempat', 'n'), ('diutamakan', 'n'), ('tenaga', 'n'), ('kesehatan', 'n'), ('ri', 'n'), ('berjuang', 'n'), ('ngerawat', None), ('pasien', 'n'), ('covid', 'n'), ('ya', 'n'), ('mencegah', 'n'), ('tingginya', 'n'), ('lupa', None), ('patuhi', 'n'), ('prokes', 'n'), ('source', 'n')]",FAKTA
1.659E+12,7/28/2022 15:28,8.25946E+17,pemkot_salatiga,Pemkot Salatiga #salatigasatujua,sedulursalatiga  pemerintah terus melakukan cara untuk mencegah dan menanggulangi covid     salah satunya adalah dengan pelaksanaan vaksin dosis lanjutan  booster   penerapan kebijakan baru ini dilatarbelakangi oleh capaian vaksinasi booster yang masih rendah   vaksinbooster  ,https://twitter.com/pemkot_salatiga/status/1552571562632826880,"[('sedulursalatiga', 'n'), ('pemerintah', 'n'), ('mencegah', 'n'), ('menanggulangi', 'n'), ('covid', 'n'), ('salah', 'n'), ('satunya', 'n'), ('pelaksanaan', None), ('vaksin', 'n'), ('dosis', 'n'), ('lanjutan', None), ('booster', 'n'), ('penerapan', 'n'), ('kebijakan', 'v'), ('dilatarbelakangi', 'n'), ('capaian', None), ('vaksinasi', 'n'), ('booster', 'n'), ('rendah', 'n'), ('vaksinbooster', 'n')]",FAKTA
1.65899E+12,7/28/2022 14:14,241936971,FitRadioBandung,94.8 FM FIT Radio Bandung,jika pandemi covid    masih berlanjut  pemerintah merencakan vaksinasi booster kedua sebagai penguat antibodi   meski tidak mencegah penularan  vaksin terbukti ampuh untuk melawan risiko bergejala berat dan mengurangi risiko perawatan di rumah sakit   staysafe stayfitforlife  ,https://twitter.com/FitRadioBandung/status/1552552938442203138,"[('pandemi', 'n'), ('covid', 'n'), ('berlanjut', 'n'), ('pemerintah', 'n'), ('merencakan', 'n'), ('vaksinasi', 'n'), ('booster', 'n'), ('penguat', 'n'), ('antibodi', 'n'), ('mencegah', 'n'), ('penularan', 'n'), ('vaksin', 'n'), ('terbukti', 'n'), ('ampuh', 'n'), ('melawan', 'n'), ('risiko', 'n'), ('bergejala', 'n'), ('berat', 'n'), ('mengurangi', 'n'), ('risiko', 'n'), ('perawatan', 'n'), ('rumah', 'n'), ('sakit', 'n'), ('staysafe', None), ('stayfitforlife', 'n')]",FAKTA
1.65899E+12,7/28/2022 13:01,1.41342E+18,RezaAjj31399949,Reza Ajja,manfaat vaksin booster  dokter  untuk mencegah gejala berat dan long covid    prokes lengkapi booster  ,https://twitter.com/RezaAjj31399949/status/1552534706331078656,"[('manfaat', 'n'), ('vaksin', 'n'), ('booster', 'n'), ('dokter', 'n'), ('mencegah', 'n'), ('gejala', 'n'), ('berat', 'n'), ('long', 'r'), ('covid', None), ('prokes', 'n'), ('lengkapi', 'v'), ('booster', 'n')]",FAKTA
1.65899E+12,7/28/2022 13:00,1.35669E+18,EkaSilawati2,Eka Silawati,manfaat vaksin booster  dokter  untuk mencegah gejala berat dan long covid    prokes lengkapi booster  ,https://twitter.com/EkaSilawati2/status/1552534448968978432,"[('manfaat', 'n'), ('vaksin', 'n'), ('booster', 'n'), ('dokter', 'n'), ('mencegah', 'n'), ('gejala', 'n'), ('berat', 'n'), ('long', 'r'), ('covid', None), ('prokes', 'n'), ('lengkapi', 'v'), ('booster', 'n')]",FAKTA
1.65899E+12,7/28/2022 12:15,1.14555E+18,PklHumas,Humas Polsek Pkl. Susu,kegiatan kanit binmas polsek pangkalan susu aipda tarmadi rahanto  amp  aipda joko irmansyah melaksanakan kegiatan monitoring vaksin masal untuk masyarakat umum di upt puskesmas pkl  susu sehingga masyarakat dapat mencegah penyebaran covid      ,https://twitter.com/PklHumas/status/1552523220531957760,"[('kegiatan', 'n'), ('kanit', 'v'), ('binmas', None), ('polsek', 'n'), ('pangkalan', 'n'), ('susu', 'v'), ('aipda', None), ('tarmadi', 'n'), ('rahanto', 'n'), ('amp', 'n'), ('aipda', 'n'), ('joko', 'n'), ('irmansyah', 'n'), ('melaksanakan', None), ('kegiatan', 'n'), ('monitoring', 'n'), ('vaksin', 'n'), ('masal', 'n'), ('masyarakat', 'n'), ('upt', None), ('puskesmas', 'n'), ('pkl', 'n'), ('susu', 'n'), ('masyarakat', 'n'), ('mencegah', 'n'), ('penyebaran', 'n'), ('covid', 'n')]",FAKTA
1.65898E+12,7/28/2022 12:03,1.41338E+18,IndonesiaSht,Indonesia Sehat,vaksin covid    teruji dan terbukti mencegah penularan varian baru covid      prokes lengkapi booster  ,https://twitter.com/IndonesiaSht/status/1552520048660869123,"[('vaksin', 'n'), ('covid', 'n'), ('teruji', 'n'), ('terbukti', 'n'), ('mencegah', 'n'), ('penularan', 'n'), ('varian', None), ('covid', 'n'), ('prokes', 'n'), ('lengkapi', 'v'), ('booster', 'n')]",FAKTA
1.65898E+12,7/28/2022 12:03,1.41338E+18,IndonesiaSht,Indonesia Sehat,vaksin covid    teruji dan terbukti mencegah penularan varian baru covid      prokes lengkapi booster  ,https://twitter.com/IndonesiaSht/status/1552520033284550657,"[('vaksin', 'n'), ('covid', 'n'), ('teruji', 'n'), ('terbukti', 'n'), ('mencegah', 'n'), ('penularan', 'n'), ('varian', None), ('covid', 'n'), ('prokes', 'n'), ('lengkapi', 'v'), ('booster', 'n')]",FAKTA
1.65898E+12,7/28/2022 11:36,1.54965E+18,KrissBee12,Kriss Bee,manfaat vaksin booster  mencegah gejala berat dan long covid     prokes lengkapi booster,https://twitter.com/KrissBee12/status/1552513313149714433,"[('manfaat', 'n'), ('vaksin', 'n'), ('booster', 'n'), ('mencegah', 'n'), ('gejala', 'n'), ('berat', 'n'), ('long', 'r'), ('covid', None), ('prokes', 'n'), ('lengkapi', 'v'), ('booster', 'n')]",FAKTA
1.65898E+12,7/28/2022 10:44,1091038500,SAIFULDINDUNGUN,SAIFULDINDUNGUN,manfaat vaksin booster  dokter  untuk mencegah gejala berat dan long covid    prokes lengkapi booster  ,https://twitter.com/SAIFULDINDUNGUN/status/1552500233812078592,"[('manfaat', 'n'), ('vaksin', 'n'), ('booster', 'n'), ('dokter', 'n'), ('mencegah', 'n'), ('gejala', 'n'), ('berat', 'n'), ('long', 'r'), ('covid', None), ('prokes', 'n'), ('lengkapi', 'v'), ('booster', 'n')]",FAKTA
1.65898E+12,7/28/2022 10:23,23343960,kompascom,Kompas.com,vaksin covid    astrazeneca  azd      sebagai booster dosis krempat terbukti efektif dalam mencegah infeksi covid    akibat omicron   ,https://twitter.com/kompascom/status/1552494835658940416,"[('vaksin', 'n'), ('covid', 'n'), ('astrazeneca', 'n'), ('azd', 'n'), ('booster', 'n'), ('dosis', 'n'), ('krempat', 'n'), ('terbukti', 'n'), ('efektif', None), ('mencegah', 'n'), ('infeksi', 'n'), ('covid', 'n'), ('akibat', 'n'), ('omicron', 'n')]",FAKTA
1.65898E+12,7/28/2022 10:21,1.35694E+18,Ristyan25825085,Ristyani,waspada hoax terkait vaksin  vaksin yang digunakan aman untuk mencegah terjadinya penularan covid     prokes lengkapi booster,https://twitter.com/Ristyan25825085/status/1552494429600002048,"[('waspada', 'n'), ('hoax', 'n'), ('terkait', 'n'), ('vaksin', 'n'), ('vaksin', 'n'), ('aman', 'n'), ('mencegah', 'n'), ('penularan', 'n'), ('covid', 'n'), ('prokes', 'n'), ('lengkapi', 'v'), ('booster', 'n')]",FAKTA
1.65898E+12,7/28/2022 10:15,8.69493E+17,doughneut,doughneut,manfaat vaksin booster  dokter  untuk mencegah gejala berat dan long covid    prokes lengkapi booster  ,https://twitter.com/doughneut/status/1552492988231995392,"[('manfaat', 'n'), ('vaksin', 'n'), ('booster', 'n'), ('dokter', 'n'), ('mencegah', 'n'), ('gejala', 'n'), ('berat', 'n'), ('long', 'r'), ('covid', None), ('prokes', 'n'), ('lengkapi', 'v'), ('booster', 'n')]",FAKTA
1.65898E+12,7/28/2022 9:53,2946857485,ElisseJea,jea elisse fremista,jokowi minta jamaah haji suntik vaksin booster sebelum pulang ke rumah masing masing guna mencegah penyebaran covid    prokes lengkapi booster,https://twitter.com/ElisseJea/status/1552487343713656832,"[('jokowi', 'n'), ('jamaah', 'n'), ('haji', 'n'), ('suntik', 'n'), ('vaksin', 'n'), ('booster', 'n'), ('pulang', 'n'), ('rumah', None), ('mencegah', 'n'), ('penyebaran', 'n'), ('covid', 'n'), ('prokes', 'n'), ('lengkapi', 'v'), ('booster', 'n')]",FAKTA
1.65898E+12,7/28/2022 9:51,1.43184E+18,Lantas_Sergai,SAT LANTAS POLRES SERGAI,ayo vaksin dan patuhi prokes dalam kehidupan sehari hari  untuk mencegah penularan virus covid     pandemibelumberakhir  patuhiprotokolkesehatan  ingat m  bersatulawancovid    ,https://twitter.com/Lantas_Sergai/status/1552486808109592576,"[('ayo', 'n'), ('vaksin', 'n'), ('patuhi', 'n'), ('prokes', 'n'), ('kehidupan', 'v'), ('sehari', None), ('mencegah', 'n'), ('penularan', 'n'), ('virus', 'n'), ('covid', 'n'), ('pandemibelumberakhir', 'n'), ('patuhiprotokolkesehatan', 'n'), ('m', 'n'), ('bersatulawancovid', 'n')]",FAKTA
1.65897E+12,7/28/2022 9:05,2324939318,EnnyLowe,enny,jokowi minta jamaah haji suntik vaksin booster sebelum pulang ke rumah masing masing guna mencegah penyebaran covid    prokes lengkapi booster  ,https://twitter.com/EnnyLowe/status/1552475324180336640,"[('jokowi', 'n'), ('jamaah', 'n'), ('haji', 'n'), ('suntik', 'n'), ('vaksin', 'n'), ('booster', 'n'), ('pulang', 'n'), ('rumah', None), ('mencegah', 'n'), ('penyebaran', 'n'), ('covid', 'n'), ('prokes', 'n'), ('lengkapi', 'v'), ('booster', 'n')]",FAKTA
1.65897E+12,7/28/2022 9:01,1.14309E+18,Ranisor,Rani soraya,  vaksin dan  booster mencegah penularan covid     vaksinprokescegahcovid kamis pagii hindari asumsi,https://twitter.com/Ranisor/status/1552474231723544577,"[('vaksin', 'n'), ('booster', 'n'), ('mencegah', 'n'), ('penularan', 'n'), ('covid', 'n'), ('vaksinprokescegahcovid', 'n'), ('kamis', 'n'), ('pagii', 'n'), ('hindari', 'n'), ('asumsi', 'n')]",FAKTA
1.65897E+12,7/28/2022 8:12,1.27295E+18,chinta_chintata,💕Indomiee Seleraku ❤️,juru bicara satgas penanganan covid    wiku adisasmito menyampaikan tiga manfaat pemberian vaksin covid    termasuk booster  utamanya mencegah perburukan dan mengurangi jumlah virus corona   vaksinprokescegahcovid kamis pagii hindari asumsi  ,https://twitter.com/chinta_chintata/status/1552461848435236865,"[('juru', 'n'), ('bicara', 'n'), ('satgas', 'n'), ('penanganan', 'n'), ('covid', 'n'), ('wiku', 'n'), ('adisasmito', 'n'), ('manfaat', 'n'), ('pemberian', None), ('vaksin', 'n'), ('covid', 'n'), ('booster', 'n'), ('utamanya', None), ('mencegah', 'n'), ('perburukan', 'n'), ('mengurangi', 'n'), ('virus', 'n'), ('corona', 'n'), ('vaksinprokescegahcovid', 'n'), ('kamis', 'n'), ('pagii', 'n'), ('hindari', 'n'), ('asumsi', 'n')]",FAKTA
1.65896E+12,7/28/2022 6:20,1.28874E+18,Lantasresblw,satlantaspolrespelabuhanbelawan,kegiatan rutin yang ditingkatkan sat lantas polres pel blwn melaksanakan sosialisasi   peraturan berlalu lintas dan penerapan prokes serta menghimbau kepada masyarakat dan para pengguna jalan agar melaksanakan vaksin dan mencegah penyebaran wabah covid      ,https://twitter.com/Lantasresblw/status/1552433802198536192,"[('kegiatan', 'n'), ('rutin', 'n'), ('ditingkatkan', 'n'), ('sat', 'v'), ('lantas', None), ('polres', 'n'), ('pel', 'v'), ('blwn', None), ('melaksanakan', 'n'), ('sosialisasi', 'n'), ('peraturan', 'n'), ('lintas', None), ('penerapan', 'n'), ('prokes', 'n'), ('menghimbau', None), ('masyarakat', 'n'), ('pengguna', 'n'), ('jalan', 'n'), ('melaksanakan', None), ('vaksin', 'n'), ('mencegah', 'n'), ('penyebaran', 'n'), ('wabah', 'n'), ('covid', 'n')]",FAKTA
1.65893E+12,7/27/2022 20:04,1.23654E+18,emha_baraja,Quid Pro Quo,udah vaksin brp kali  katanya vaksin mencegah keparahan dan kematian akibat covid  kok narasi sekarang justru berkebalikan kampanye vaksinasi sblmnya   akun jualan kopit dan vaksinajis begini udah ga bisa gerak  maju kena mundur kena  ambyar    lu kira masyarakat masih percaya  ,https://twitter.com/emha_baraja/status/1552278686472146944,"[('udah', None), ('vaksin', 'n'), ('brp', 'n'), ('kali', 'n'), ('vaksin', 'n'), ('mencegah', 'n'), ('keparahan', 'n'), ('kematian', None), ('akibat', 'n'), ('covid', 'n'), ('narasi', 'n'), ('berkebalikan', 'n'), ('kampanye', 'n'), ('vaksinasi', 'n'), ('sblmnya', 'n'), ('akun', 'n'), ('jualan', 'n'), ('kopit', 'v'), ('vaksinajis', 'n'), ('udah', None), ('ga', 'n'), ('gerak', 'n'), ('maju', 'n'), ('kena', 'n'), ('mundur', 'n'), ('kena', 'n'), ('ambyar', 'n'), ('lu', 'n'), ('masyarakat', 'n'), ('percaya', 'n')]",FAKTA
1.65892E+12,7/27/2022 17:10,1.41882E+18,bobi_kunku,Bobi Kun, masa sudah vaksin lengkap plus booster masih bisa kena covid    sampai meninggal dunia pulak  katanya vaksin mencegah kematian   buat apa vaksin kalo gitu  gak ada gunanya  ,https://twitter.com/bobi_kunku/status/1552235084110893056,"[('vaksin', 'n'), ('lengkap', 'n'), ('plus', None), ('booster', 'n'), ('kena', 'n'), ('covid', 'n'), ('meninggal', None), ('dunia', 'n'), ('pulak', 'n'), ('vaksin', 'n'), ('mencegah', 'n'), ('kematian', None), ('vaksin', 'n'), ('kalo', 'n'), ('gitu', 'n'), ('gak', 'n'), ('gunanya', 'n')]",FAKTA
1.65891E+12,7/27/2022 14:43,3067368570,etibers,Muhammad Efendy Gazali, udah vaksin msh kena  covid   vaksin bukan utk mencegah covid tp agar tdk terpapar parah bila kena covid,https://twitter.com/etibers/status/1552197969016852480,"[('udah', None), ('vaksin', 'n'), ('msh', 'n'), ('kena', 'n'), ('covid', 'n'), ('vaksin', 'n'), ('utk', None), ('mencegah', 'n'), ('covid', 'n'), ('tp', 'n'), ('tdk', 'n'), ('terpapar', 'n'), ('parah', 'n'), ('kena', 'n'), ('covid', 'n')]",FAKTA
1.6589E+12,7/27/2022 13:13,1.35798E+18,KambuayaDaniel,Daniel Kambuaya,manfaat vaksin booster  dokter  untuk mencegah gejala berat dan long covid      vaksin imun kuat,https://twitter.com/KambuayaDaniel/status/1552175237789233152,"[('manfaat', 'n'), ('vaksin', 'n'), ('booster', 'n'), ('dokter', 'n'), ('mencegah', 'n'), ('gejala', 'n'), ('berat', 'n'), ('long', 'r'), ('covid', None), ('vaksin', 'n'), ('imun', 'n'), ('kuat', 'n')]",FAKTA
1.6589E+12,7/27/2022 12:04,1.54965E+18,KrissBee12,Kriss Bee,manfaat vaksin booster untuk mencegah gejala berat dan long covid     vaksin imun kuat,https://twitter.com/KrissBee12/status/1552158048588005377,"[('manfaat', 'n'), ('vaksin', 'n'), ('booster', 'n'), ('mencegah', 'n'), ('gejala', 'n'), ('berat', 'n'), ('long', 'r'), ('covid', None), ('vaksin', 'n'), ('imun', 'n'), ('kuat', 'n')]",FAKTA
1.6589E+12,7/27/2022 11:48,1.41269E+18,MantapDavid,David Mantap Mantap,vaksinasi booster untuk mencegah penyebaran kasus covid    vaksin imun kuat,https://twitter.com/MantapDavid/status/1552153958067499010,"[('vaksinasi', 'n'), ('booster', 'n'), ('mencegah', 'n'), ('penyebaran', 'n'), ('covid', 'n'), ('vaksin', 'n'), ('imun', 'n'), ('kuat', 'n')]",FAKTA
1.6589E+12,7/27/2022 11:27,1.53981E+18,suciyaniy34,Suciyani Yani,vaksin booster merupakan upaya pemerintah mencegah penularan covid    vaksin imun kuat,https://twitter.com/suciyaniy34/status/1552148665757990913,"[('vaksin', 'n'), ('booster', 'n'), ('upaya', None), ('pemerintah', 'n'), ('mencegah', 'n'), ('penularan', 'n'), ('covid', 'n'), ('vaksin', 'n'), ('imun', 'n'), ('kuat', 'n')]",FAKTA
1.65889E+12,7/27/2022 11:03,1.35696E+18,setiadi8770,@yenny_setiadi8770,penerapan vaksinasi booster untuk mencegah peningkatan paparan covid  vaksin imun kuat,https://twitter.com/setiadi8770/status/1552142640136695814,"[('penerapan', 'n'), ('vaksinasi', 'n'), ('booster', 'n'), ('mencegah', 'n'), ('peningkatan', 'n'), ('paparan', 'n'), ('covid', 'n'), ('vaksin', 'n'), ('imun', 'n'), ('kuat', 'n')]",FAKTA
1.65889E+12,7/27/2022 10:52,1.35703E+18,novitadewe,novitadewi,manfaat vaksin booster  dokter  untuk mencegah gejala berat dan long covid      vaksin imun kuat riaudamai   kcegah kasus covid naik lagi  dprd dan pemprov jateng kompak akselerasi vaksin booster   vaksin imun kuat riaudamai  ,https://twitter.com/novitadewe/status/1552139891877679105,"[('manfaat', 'n'), ('vaksin', 'n'), ('booster', 'n'), ('dokter', 'n'), ('mencegah', 'n'), ('gejala', 'n'), ('berat', 'n'), ('long', 'r'), ('covid', None), ('vaksin', 'n'), ('imun', 'n'), ('kuat', 'n'), ('riaudamai', 'n'), ('kcegah', 'v'), ('covid', 'n'), ('dprd', 'n'), ('pemprov', 'n'), ('jateng', 'n'), ('kompak', 'n'), ('akselerasi', 'n'), ('vaksin', 'n'), ('booster', 'n'), ('vaksin', 'n'), ('imun', 'n'), ('kuat', 'n'), ('riaudamai', 'n')]",FAKTA
1.65889E+12,7/27/2022 10:52,1.35703E+18,novitadewe,novitadewi,manfaat vaksin booster  dokter  untuk mencegah gejala berat dan long covid      vaksin imun kuat riaudamai  ,https://twitter.com/novitadewe/status/1552139850219790336,"[('manfaat', 'n'), ('vaksin', 'n'), ('booster', 'n'), ('dokter', 'n'), ('mencegah', 'n'), ('gejala', 'n'), ('berat', 'n'), ('long', 'r'), ('covid', None), ('vaksin', 'n'), ('imun', 'n'), ('kuat', 'n'), ('riaudamai', 'n')]",FAKTA
1.65889E+12,7/27/2022 10:50,1.357E+18,CandraLepi,Candra Lepi,manfaat vaksin booster  dokter  untuk mencegah gejala berat dan long covid      vaksin imun kuat,https://twitter.com/CandraLepi/status/1552139409956675584,"[('manfaat', 'n'), ('vaksin', 'n'), ('booster', 'n'), ('dokter', 'n'), ('mencegah', 'n'), ('gejala', 'n'), ('berat', 'n'), ('long', 'r'), ('covid', None), ('vaksin', 'n'), ('imun', 'n'), ('kuat', 'n')]",FAKTA
1.65889E+12,7/27/2022 10:50,1.46003E+18,AdrienPdkrUtr,Adrien, yuk terapkan protokol kesehatan demi mencegah penularan covid    varian baru  vaksin imun kuat,https://twitter.com/AdrienPdkrUtr/status/1552139248459218944,"[('yuk', 'n'), ('terapkan', 'n'), ('protokol', 'n'), ('kesehatan', 'n'), ('mencegah', 'n'), ('penularan', 'n'), ('covid', 'n'), ('varian', None), ('vaksin', 'n'), ('imun', 'n'), ('kuat', 'n')]",FAKTA
1.65889E+12,7/27/2022 10:43,1.43184E+18,Lantas_Sergai,SAT LANTAS POLRES SERGAI,ayo vaksin dan patuhi prokes dalam kehidupan sehari hari  untuk mencegah penularan virus covid     pandemibelumberakhir  patuhiprotokolkesehatan  ingat m  bersatulawancovid    ,https://twitter.com/Lantas_Sergai/status/1552137596331261952,"[('ayo', 'n'), ('vaksin', 'n'), ('patuhi', 'n'), ('prokes', 'n'), ('kehidupan', 'v'), ('sehari', None), ('mencegah', 'n'), ('penularan', 'n'), ('virus', 'n'), ('covid', 'n'), ('pandemibelumberakhir', 'n'), ('patuhiprotokolkesehatan', 'n'), ('m', 'n'), ('bersatulawancovid', 'n')]",FAKTA
1.65889E+12,7/27/2022 10:42,252350697,aldhopriskap,Aldho Priskap,manfaat vaksin booster  dokter  untuk mencegah gejala berat dan long covid      vaksin imun kuat riaudamai  ,https://twitter.com/aldhopriskap/status/1552137315195072513,"[('manfaat', 'n'), ('vaksin', 'n'), ('booster', 'n'), ('dokter', 'n'), ('mencegah', 'n'), ('gejala', 'n'), ('berat', 'n'), ('long', 'r'), ('covid', None), ('vaksin', 'n'), ('imun', 'n'), ('kuat', 'n'), ('riaudamai', 'n')]",FAKTA
1.65889E+12,7/27/2022 10:36,1.04265E+18,salsabilah415,salsa.bilah,manfaat vaksin booster  dokter  untuk mencegah gejala berat dan long covid      vaksin imun kuat riaudamai  ,https://twitter.com/salsabilah415/status/1552135785327263745,"[('manfaat', 'n'), ('vaksin', 'n'), ('booster', 'n'), ('dokter', 'n'), ('mencegah', 'n'), ('gejala', 'n'), ('berat', 'n'), ('long', 'r'), ('covid', None), ('vaksin', 'n'), ('imun', 'n'), ('kuat', 'n'), ('riaudamai', 'n')]",FAKTA
1.65889E+12,7/27/2022 10:35,1.35706E+18,AzkilaBrahmana,Azkila Brahmana,manfaat vaksin booster  dokter  untuk mencegah gejala berat dan long covid      vaksin imun kuat riaudamai  ,https://twitter.com/AzkilaBrahmana/status/1552135634998812672,"[('manfaat', 'n'), ('vaksin', 'n'), ('booster', 'n'), ('dokter', 'n'), ('mencegah', 'n'), ('gejala', 'n'), ('berat', 'n'), ('long', 'r'), ('covid', None), ('vaksin', 'n'), ('imun', 'n'), ('kuat', 'n'), ('riaudamai', 'n')]",FAKTA
1.65889E+12,7/27/2022 10:34,1.51371E+18,SajaJarwo,Jarwo Saja,manfaat vaksin booster  dokter  untuk mencegah gejala berat dan long covid      vaksin imun kuat,https://twitter.com/SajaJarwo/status/1552135283046744064,"[('manfaat', 'n'), ('vaksin', 'n'), ('booster', 'n'), ('dokter', 'n'), ('mencegah', 'n'), ('gejala', 'n'), ('berat', 'n'), ('long', 'r'), ('covid', None), ('vaksin', 'n'), ('imun', 'n'), ('kuat', 'n')]",FAKTA
1.65889E+12,7/27/2022 10:34,1.50983E+18,Gundala36586459,Gundala Putra,manfaat vaksin booster  dokter  untuk mencegah gejala berat dan long covid      vaksin imun kuat,https://twitter.com/Gundala36586459/status/1552135241179209728,"[('manfaat', 'n'), ('vaksin', 'n'), ('booster', 'n'), ('dokter', 'n'), ('mencegah', 'n'), ('gejala', 'n'), ('berat', 'n'), ('long', 'r'), ('covid', None), ('vaksin', 'n'), ('imun', 'n'), ('kuat', 'n')]",FAKTA
1.65889E+12,7/27/2022 10:30,1.35795E+18,opposlte6890,Opposite6890,manfaat vaksin booster  dokter  untuk mencegah gejala berat dan long covid      vaksin imun kuat riaudamai  ,https://twitter.com/opposlte6890/status/1552134257375854593,"[('manfaat', 'n'), ('vaksin', 'n'), ('booster', 'n'), ('dokter', 'n'), ('mencegah', 'n'), ('gejala', 'n'), ('berat', 'n'), ('long', 'r'), ('covid', None), ('vaksin', 'n'), ('imun', 'n'), ('kuat', 'n'), ('riaudamai', 'n')]",FAKTA
1.65889E+12,7/27/2022 10:30,1.38577E+18,kalalo_fitri,Fitri kalalo,manfaat vaksin booster  dokter  untuk mencegah gejala berat dan long covid       vaksin imun kuat,https://twitter.com/kalalo_fitri/status/1552134213402783744,"[('manfaat', 'n'), ('vaksin', 'n'), ('booster', 'n'), ('dokter', 'n'), ('mencegah', 'n'), ('gejala', 'n'), ('berat', 'n'), ('long', 'r'), ('covid', None), ('vaksin', 'n'), ('imun', 'n'), ('kuat', 'n')]",FAKTA
1.65889E+12,7/27/2022 10:30,389302720,GufronPutra5,Gufron Putra,manfaat vaksin booster  dokter  untuk mencegah gejala berat dan long covid       vaksin imun kuat,https://twitter.com/GufronPutra5/status/1552134208306708480,"[('manfaat', 'n'), ('vaksin', 'n'), ('booster', 'n'), ('dokter', 'n'), ('mencegah', 'n'), ('gejala', 'n'), ('berat', 'n'), ('long', 'r'), ('covid', None), ('vaksin', 'n'), ('imun', 'n'), ('kuat', 'n')]",FAKTA
1.65889E+12,7/27/2022 10:26,8.95695E+17,churrnos,churrnos,manfaat vaksin booster  dokter  untuk mencegah gejala berat dan long covid    vaksin imun kuat  ,https://twitter.com/churrnos/status/1552133279138324480,"[('manfaat', 'n'), ('vaksin', 'n'), ('booster', 'n'), ('dokter', 'n'), ('mencegah', 'n'), ('gejala', 'n'), ('berat', 'n'), ('long', 'r'), ('covid', None), ('vaksin', 'n'), ('imun', 'n'), ('kuat', 'n')]",FAKTA
1.65889E+12,7/27/2022 10:24,1.50983E+18,Gundala36586459,Gundala Putra,manfaat vaksin booster  dokter  untuk mencegah gejala berat dan long covid      vaksin imun kuat,https://twitter.com/Gundala36586459/status/1552132844696539136,"[('manfaat', 'n'), ('vaksin', 'n'), ('booster', 'n'), ('dokter', 'n'), ('mencegah', 'n'), ('gejala', 'n'), ('berat', 'n'), ('long', 'r'), ('covid', None), ('vaksin', 'n'), ('imun', 'n'), ('kuat', 'n')]",FAKTA
1.65889E+12,7/27/2022 10:24,1.51371E+18,SajaJarwo,Jarwo Saja,manfaat vaksin booster  dokter  untuk mencegah gejala berat dan long covid      vaksin imun kuat,https://twitter.com/SajaJarwo/status/1552132832348483585,"[('manfaat', 'n'), ('vaksin', 'n'), ('booster', 'n'), ('dokter', 'n'), ('mencegah', 'n'), ('gejala', 'n'), ('berat', 'n'), ('long', 'r'), ('covid', None), ('vaksin', 'n'), ('imun', 'n'), ('kuat', 'n')]",FAKTA
1.65889E+12,7/27/2022 10:22,343945359,AlvinaAulya,Alvina aulya putrie,manfaat vaksin booster  untuk mencegah gejala berat dan long covid        vaksin imun kuat,https://twitter.com/AlvinaAulya/status/1552132345234595840,"[('manfaat', 'n'), ('vaksin', 'n'), ('booster', 'n'), ('mencegah', 'n'), ('gejala', 'n'), ('berat', 'n'), ('long', 'r'), ('covid', None), ('vaksin', 'n'), ('imun', 'n'), ('kuat', 'n')]",FAKTA
1.65889E+12,7/27/2022 10:21,1.39606E+18,dari_papua,Dari Papua Untuk Indonesia, dengan vaksin dan prokes dapat mencegah penularan covid     kita senang semua aman,https://twitter.com/dari_papua/status/1552132033396510720,"[('vaksin', 'n'), ('prokes', 'n'), ('mencegah', 'n'), ('penularan', 'n'), ('covid', 'n'), ('senang', 'n'), ('aman', 'n')]",FAKTA
1.65889E+12,7/27/2022 10:21,1.35705E+18,RizkaEak,rizka fitriani,manfaat vaksin booster  dokter  untuk mencegah gejala berat dan long covid      vaksin imun kuat riaudamai  ,https://twitter.com/RizkaEak/status/1552132010503655424,"[('manfaat', 'n'), ('vaksin', 'n'), ('booster', 'n'), ('dokter', 'n'), ('mencegah', 'n'), ('gejala', 'n'), ('berat', 'n'), ('long', 'r'), ('covid', None), ('vaksin', 'n'), ('imun', 'n'), ('kuat', 'n'), ('riaudamai', 'n')]",FAKTA
1.65889E+12,7/27/2022 10:18,1.39669E+18,Sintia38708070,Sintia,manfaat vaksin booster  dokter  untuk mencegah gejala berat dan long covid       vaksin imun kuat,https://twitter.com/Sintia38708070/status/1552131305352994818,"[('manfaat', 'n'), ('vaksin', 'n'), ('booster', 'n'), ('dokter', 'n'), ('mencegah', 'n'), ('gejala', 'n'), ('berat', 'n'), ('long', 'r'), ('covid', None), ('vaksin', 'n'), ('imun', 'n'), ('kuat', 'n')]",FAKTA
1.65889E+12,7/27/2022 10:17,1.35781E+18,Agnesfitriani4,Agnes fitriani,manfaat vaksin booster  dokter  untuk mencegah gejala berat dan long covid      vaksin imun kuat riaudamai  ,https://twitter.com/Agnesfitriani4/status/1552130910770053120,"[('manfaat', 'n'), ('vaksin', 'n'), ('booster', 'n'), ('dokter', 'n'), ('mencegah', 'n'), ('gejala', 'n'), ('berat', 'n'), ('long', 'r'), ('covid', None), ('vaksin', 'n'), ('imun', 'n'), ('kuat', 'n'), ('riaudamai', 'n')]",FAKTA
1.65889E+12,7/27/2022 10:15,1.01702E+18,nabilaprcl,Nabila Pricillia,manfaat vaksin booster  dokter  untuk mencegah gejala berat dan long covid      vaksin imun kuat riaudamai  ,https://twitter.com/nabilaprcl/status/1552130512843460610,"[('manfaat', 'n'), ('vaksin', 'n'), ('booster', 'n'), ('dokter', 'n'), ('mencegah', 'n'), ('gejala', 'n'), ('berat', 'n'), ('long', 'r'), ('covid', None), ('vaksin', 'n'), ('imun', 'n'), ('kuat', 'n'), ('riaudamai', 'n')]",FAKTA
1.65889E+12,7/27/2022 10:14,85202439,melfeyadin,Melly Feyadin,kenapa wajib vaksin  krn vaksinasi efektif bisa mencegah penularan covid      siapgelarapg  ,https://twitter.com/melfeyadin/status/1552130379020005381,"[('wajib', 'n'), ('vaksin', 'n'), ('krn', 'v'), ('vaksinasi', None), ('efektif', None), ('mencegah', 'n'), ('penularan', 'n'), ('covid', 'n'), ('siapgelarapg', 'n')]",FAKTA
1.65889E+12,7/27/2022 10:12,2708188946,mutzzpoenya,varah,manfaat vaksin booster  dokter  untuk mencegah gejala berat dan long covid      vaksin imun kuat,https://twitter.com/mutzzpoenya/status/1552129653761929219,"[('manfaat', 'n'), ('vaksin', 'n'), ('booster', 'n'), ('dokter', 'n'), ('mencegah', 'n'), ('gejala', 'n'), ('berat', 'n'), ('long', 'r'), ('covid', None), ('vaksin', 'n'), ('imun', 'n'), ('kuat', 'n')]",FAKTA
1.65889E+12,7/27/2022 10:11,1.42135E+18,KatokRombeng,Eyang_Sepuh88,prokes  amp  vaksinasi booster akan mencegah keparahan saat terpapar covid     krn vaksin mempunyai   manfaat besar      mencegah infeksi   mencegah perburukan gejala   mengurangi jumlah virus yg ada dlm tubuh shg tdk mudah menular  ekonominkrimeningkat  ,https://twitter.com/KatokRombeng/status/1552129480218779648,"[('prokes', 'n'), ('amp', 'v'), ('vaksinasi', None), ('booster', 'n'), ('mencegah', 'n'), ('keparahan', 'n'), ('terpapar', 'n'), ('covid', 'n'), ('krn', 'n'), ('vaksin', 'n'), ('manfaat', 'n'), ('mencegah', 'n'), ('infeksi', 'n'), ('mencegah', 'n'), ('perburukan', 'n'), ('gejala', 'n'), ('mengurangi', 'n'), ('virus', 'n'), ('yg', 'n'), ('dlm', 'n'), ('tubuh', 'n'), ('shg', 'n'), ('tdk', 'n'), ('mudah', 'n'), ('menular', None), ('ekonominkrimeningkat', 'n')]",FAKTA
1.65889E+12,7/27/2022 10:09,1.53073E+18,BudiKur21936831,Budi Kurniawan,manfaat vaksin booster  dokter  untuk mencegah gejala berat dan long covid      vaksin imun kuat riaudamai  ,https://twitter.com/BudiKur21936831/status/1552129060989730816,"[('manfaat', 'n'), ('vaksin', 'n'), ('booster', 'n'), ('dokter', 'n'), ('mencegah', 'n'), ('gejala', 'n'), ('berat', 'n'), ('long', 'r'), ('covid', None), ('vaksin', 'n'), ('imun', 'n'), ('kuat', 'n'), ('riaudamai', 'n')]",FAKTA
1.65889E+12,7/27/2022 10:06,1.35697E+18,SiskaDw70441510,Siska Dwilestari,manfaat vaksin booster  dokter  untuk mencegah gejala berat dan long covid      vaksin imun kuat riaudamai  ,https://twitter.com/SiskaDw70441510/status/1552128163164987392,"[('manfaat', 'n'), ('vaksin', 'n'), ('booster', 'n'), ('dokter', 'n'), ('mencegah', 'n'), ('gejala', 'n'), ('berat', 'n'), ('long', 'r'), ('covid', None), ('vaksin', 'n'), ('imun', 'n'), ('kuat', 'n'), ('riaudamai', 'n')]",FAKTA
1.65889E+12,7/27/2022 10:04,1.35936E+18,JambiSorot,Berita Update,manfaat vaksin booster  dokter  untuk mencegah gejala berat dan long covid     vaksin imun kuat  ,https://twitter.com/JambiSorot/status/1552127849314009088,"[('manfaat', 'n'), ('vaksin', 'n'), ('booster', 'n'), ('dokter', 'n'), ('mencegah', 'n'), ('gejala', 'n'), ('berat', 'n'), ('long', 'r'), ('covid', None), ('vaksin', 'n'), ('imun', 'n'), ('kuat', 'n')]",FAKTA
1.65889E+12,7/27/2022 9:59,1.35657E+18,KozukoVm,KozukoVM,manfaat vaksin booster  dokter  untuk mencegah gejala berat dan long covid      vaksin imun kuat,https://twitter.com/KozukoVm/status/1552126415830601728,"[('manfaat', 'n'), ('vaksin', 'n'), ('booster', 'n'), ('dokter', 'n'), ('mencegah', 'n'), ('gejala', 'n'), ('berat', 'n'), ('long', 'r'), ('covid', None), ('vaksin', 'n'), ('imun', 'n'), ('kuat', 'n')]",FAKTA
1.65889E+12,7/27/2022 9:52,1.35653E+18,rafifkurn__ia,Rafif Kurnia 🇲🇨,manfaat vaksin booster  dokter  untuk mencegah gejala berat dan long covid     vaksin imun kuat  ,https://twitter.com/rafifkurn__ia/status/1552124755330736130,"[('manfaat', 'n'), ('vaksin', 'n'), ('booster', 'n'), ('dokter', 'n'), ('mencegah', 'n'), ('gejala', 'n'), ('berat', 'n'), ('long', 'r'), ('covid', None), ('vaksin', 'n'), ('imun', 'n'), ('kuat', 'n')]",FAKTA
1.65889E+12,7/27/2022 9:49,1.05255E+18,papuaindonesia5,Katong Papua,manfaat vaksin booster  dokter  untuk mencegah gejala berat dan long covid      vaksin imun kuat,https://twitter.com/papuaindonesia5/status/1552123862942224386,"[('manfaat', 'n'), ('vaksin', 'n'), ('booster', 'n'), ('dokter', 'n'), ('mencegah', 'n'), ('gejala', 'n'), ('berat', 'n'), ('long', 'r'), ('covid', None), ('vaksin', 'n'), ('imun', 'n'), ('kuat', 'n')]",FAKTA
1.65889E+12,7/27/2022 9:48,1.48846E+18,BagindaYoga,yoga baginda,manfaat vaksin booster  dokter  untuk mencegah gejala berat dan long covid      vaksin imun kuat,https://twitter.com/BagindaYoga/status/1552123856889868289,"[('manfaat', 'n'), ('vaksin', 'n'), ('booster', 'n'), ('dokter', 'n'), ('mencegah', 'n'), ('gejala', 'n'), ('berat', 'n'), ('long', 'r'), ('covid', None), ('vaksin', 'n'), ('imun', 'n'), ('kuat', 'n')]",FAKTA
1.65889E+12,7/27/2022 9:48,1.05256E+18,PutriPapua17,Putri Adelia Wariori,manfaat vaksin booster  dokter  untuk mencegah gejala berat dan long covid      vaksin imun kuat,https://twitter.com/PutriPapua17/status/1552123735976853505,"[('manfaat', 'n'), ('vaksin', 'n'), ('booster', 'n'), ('dokter', 'n'), ('mencegah', 'n'), ('gejala', 'n'), ('berat', 'n'), ('long', 'r'), ('covid', None), ('vaksin', 'n'), ('imun', 'n'), ('kuat', 'n')]",FAKTA
1.65889E+12,7/27/2022 9:45,1.35779E+18,yanilastri1,yani lastri,manfaat vaksin booster  dokter  untuk mencegah gejala berat dan long covid      vaksin imun kuat riaudamai  ,https://twitter.com/yanilastri1/status/1552123097037565952,"[('manfaat', 'n'), ('vaksin', 'n'), ('booster', 'n'), ('dokter', 'n'), ('mencegah', 'n'), ('gejala', 'n'), ('berat', 'n'), ('long', 'r'), ('covid', None), ('vaksin', 'n'), ('imun', 'n'), ('kuat', 'n'), ('riaudamai', 'n')]",FAKTA
1.65889E+12,7/27/2022 9:39,1.41621E+18,idaman_wanita90,Idaman_Membaca,manfaat vaksin booster  dokter  untuk mencegah gejala berat dan long covid     vaksin imun kuat  ,https://twitter.com/idaman_wanita90/status/1552121574920073216,"[('manfaat', 'n'), ('vaksin', 'n'), ('booster', 'n'), ('dokter', 'n'), ('mencegah', 'n'), ('gejala', 'n'), ('berat', 'n'), ('long', 'r'), ('covid', None), ('vaksin', 'n'), ('imun', 'n'), ('kuat', 'n')]",FAKTA
1.65889E+12,7/27/2022 9:34,1552961078,biancazevt,Bianca Z,manfaat vaksin booster  dokter  untuk mencegah gejala berat dan long covid      vaksin imun kuat riaudamai  ,https://twitter.com/biancazevt/status/1552120100257693696,"[('manfaat', 'n'), ('vaksin', 'n'), ('booster', 'n'), ('dokter', 'n'), ('mencegah', 'n'), ('gejala', 'n'), ('berat', 'n'), ('long', 'r'), ('covid', None), ('vaksin', 'n'), ('imun', 'n'), ('kuat', 'n'), ('riaudamai', 'n')]",FAKTA
1.65889E+12,7/27/2022 9:32,1.32072E+18,putri99bangsa,putri99bangsa,manfaat vaksin booster  dokter  untuk mencegah gejala berat dan long covid    vaksin imun kuat,https://twitter.com/putri99bangsa/status/1552119607095627777,"[('manfaat', 'n'), ('vaksin', 'n'), ('booster', 'n'), ('dokter', 'n'), ('mencegah', 'n'), ('gejala', 'n'), ('berat', 'n'), ('long', 'r'), ('covid', None), ('vaksin', 'n'), ('imun', 'n'), ('kuat', 'n')]",FAKTA
1.65889E+12,7/27/2022 9:29,1.50139E+18,AmiPermata12,Ami Permata,manfaat vaksin booster  dokter  untuk mencegah gejala berat dan long covid      vaksin imun kuat riaudamai  ,https://twitter.com/AmiPermata12/status/1552119069632913408,"[('manfaat', 'n'), ('vaksin', 'n'), ('booster', 'n'), ('dokter', 'n'), ('mencegah', 'n'), ('gejala', 'n'), ('berat', 'n'), ('long', 'r'), ('covid', None), ('vaksin', 'n'), ('imun', 'n'), ('kuat', 'n'), ('riaudamai', 'n')]",FAKTA
1.65889E+12,7/27/2022 9:17,1.35663E+18,SilviaJulia18,Silvia Julia,manfaat vaksin booster  dokter  untuk mencegah gejala berat dan long covid    vaksin imun kuat  ,https://twitter.com/SilviaJulia18/status/1552115808049844224,"[('manfaat', 'n'), ('vaksin', 'n'), ('booster', 'n'), ('dokter', 'n'), ('mencegah', 'n'), ('gejala', 'n'), ('berat', 'n'), ('long', 'r'), ('covid', None), ('vaksin', 'n'), ('imun', 'n'), ('kuat', 'n')]",FAKTA
1.65889E+12,7/27/2022 9:14,1.357E+18,disdes19,Cup Coffee,manfaat vaksin booster  dokter  untuk mencegah gejala berat dan long covid       vaksin imun kuat,https://twitter.com/disdes19/status/1552115275340066816,"[('manfaat', 'n'), ('vaksin', 'n'), ('booster', 'n'), ('dokter', 'n'), ('mencegah', 'n'), ('gejala', 'n'), ('berat', 'n'), ('long', 'r'), ('covid', None), ('vaksin', 'n'), ('imun', 'n'), ('kuat', 'n')]",FAKTA
1.65889E+12,7/27/2022 9:13,1.41191E+18,Indrafirman7777,Indra Firmansyah,manfaat vaksin booster  dokter  untuk mencegah gejala berat dan long covid      vaksin imun kuat riaudamai  ,https://twitter.com/Indrafirman7777/status/1552114965158379520,"[('manfaat', 'n'), ('vaksin', 'n'), ('booster', 'n'), ('dokter', 'n'), ('mencegah', 'n'), ('gejala', 'n'), ('berat', 'n'), ('long', 'r'), ('covid', None), ('vaksin', 'n'), ('imun', 'n'), ('kuat', 'n'), ('riaudamai', 'n')]",FAKTA
1.65889E+12,7/27/2022 9:09,457183642,ana_aynk,ana_utexbaihaQy,manfaat vaksin booster  untuk mencegah gejala berat dan long covid     vaksin imun kuat  ,https://twitter.com/ana_aynk/status/1552113979669245952,"[('manfaat', 'n'), ('vaksin', 'n'), ('booster', 'n'), ('mencegah', 'n'), ('gejala', 'n'), ('berat', 'n'), ('long', 'r'), ('covid', None), ('vaksin', 'n'), ('imun', 'n'), ('kuat', 'n')]",FAKTA
1.65889E+12,7/27/2022 8:35,1.28874E+18,Lantasresblw,satlantaspolrespelabuhanbelawan,kegiatan rutin yang ditingkatkan sat lantas polres pel blwn melaksanakan sosialisasi   peraturan berlalu lintas dan penerapan prokes serta menghimbau kepada masyarakat dan para pengguna jalan agar melaksanakan vaksin dan mencegah penyebaran wabah covid      ,https://twitter.com/Lantasresblw/status/1552105444361240576,"[('kegiatan', 'n'), ('rutin', 'n'), ('ditingkatkan', 'n'), ('sat', 'v'), ('lantas', None), ('polres', 'n'), ('pel', 'v'), ('blwn', None), ('melaksanakan', 'n'), ('sosialisasi', 'n'), ('peraturan', 'n'), ('lintas', None), ('penerapan', 'n'), ('prokes', 'n'), ('menghimbau', None), ('masyarakat', 'n'), ('pengguna', 'n'), ('jalan', 'n'), ('melaksanakan', None), ('vaksin', 'n'), ('mencegah', 'n'), ('penyebaran', 'n'), ('wabah', 'n'), ('covid', 'n')]",FAKTA
1.65889E+12,7/27/2022 8:33,128641833,garuda080,Tukangkuli,jubir satgas penanganan covid    wiku adisasmito menyampaikan manfaat pemberian vaksin covid    termasuk booster utamanya mencegah perburukan dan mengurangi jumlah virus corona  hal ini membuat virus tdk menularkan pada orang lain   wajibboostertetapprokes ekonominkrimeningkat  ,https://twitter.com/garuda080/status/1552104793111666688,"[('jubir', 'n'), ('satgas', 'n'), ('penanganan', 'n'), ('covid', 'n'), ('wiku', 'n'), ('adisasmito', 'n'), ('manfaat', 'n'), ('pemberian', None), ('vaksin', 'n'), ('covid', 'n'), ('booster', 'n'), ('utamanya', None), ('mencegah', 'n'), ('perburukan', 'n'), ('mengurangi', 'n'), ('virus', 'n'), ('corona', 'n'), ('virus', 'n'), ('tdk', 'n'), ('menularkan', 'n'), ('orang', 'n'), ('wajibboostertetapprokes', 'n'), ('ekonominkrimeningkat', 'v')]",FAKTA
1.65889E+12,7/27/2022 8:29,322559270,forjakeu,Entien _ Ajach 🐀,prokes dan vaksinasi booster cegah keparahan saat terpapar virus covid     pada prinsipnya vaksin memiliki tiga manfaat besar  yaitu mencegah terinfeksi  mencegah perburukan gejala apabila terinfeksi  dan mengurangi jumlah virus   wajibboostertetapprokes ekonominkrimeningkat  ,https://twitter.com/forjakeu/status/1552103819709845504,"[('prokes', 'n'), ('vaksinasi', None), ('booster', 'n'), ('cegah', 'n'), ('keparahan', 'n'), ('terpapar', 'n'), ('virus', 'n'), ('covid', 'n'), ('prinsipnya', 'n'), ('vaksin', 'n'), ('memiliki', 'n'), ('manfaat', 'n'), ('mencegah', 'n'), ('terinfeksi', 'n'), ('mencegah', 'n'), ('perburukan', 'n'), ('gejala', 'n'), ('terinfeksi', 'n'), ('mengurangi', 'n'), ('virus', 'n'), ('wajibboostertetapprokes', 'n'), ('ekonominkrimeningkat', 'v')]",FAKTA
1.65888E+12,7/27/2022 8:22,1153460550,AlshaibaShihab,M01,prokes  amp  vaksinasi booster akan mencegah keparahan saat terpapar covid     krn vaksin mempunyai   manfaat besar      mencegah infeksi   mencegah perburukan gejala   mengurangi jumlah virus yg ada dlm tubuh shg tdk mudah menular  wajibboostertetapprokes ekonominkrimeningkat  ,https://twitter.com/AlshaibaShihab/status/1552102075328188416,"[('prokes', 'n'), ('amp', 'v'), ('vaksinasi', None), ('booster', 'n'), ('mencegah', 'n'), ('keparahan', 'n'), ('terpapar', 'n'), ('covid', 'n'), ('krn', 'n'), ('vaksin', 'n'), ('manfaat', 'n'), ('mencegah', 'n'), ('infeksi', 'n'), ('mencegah', 'n'), ('perburukan', 'n'), ('gejala', 'n'), ('mengurangi', 'n'), ('virus', 'n'), ('yg', 'n'), ('dlm', 'n'), ('tubuh', 'n'), ('shg', 'n'), ('tdk', 'n'), ('mudah', 'n'), ('menular', None), ('wajibboostertetapprokes', 'n'), ('ekonominkrimeningkat', 'v')]",FAKTA
1.65888E+12,7/27/2022 8:18,1.30032E+18,kalla_jengking,Kalla Jengking,prokes dan vaksinasi booster cegah keparahan saat terpapar virus covid     pada prinsipnya vaksin memiliki tiga manfaat besar  yaitu mencegah terinfeksi  mencegah perburukan gejala apabila terinfeksi  dan mengurangi jumlah virus   wajibboostertetapprokes ekonominkrimeningkat  ,https://twitter.com/kalla_jengking/status/1552101115118104581,"[('prokes', 'n'), ('vaksinasi', None), ('booster', 'n'), ('cegah', 'n'), ('keparahan', 'n'), ('terpapar', 'n'), ('virus', 'n'), ('covid', 'n'), ('prinsipnya', 'n'), ('vaksin', 'n'), ('memiliki', 'n'), ('manfaat', 'n'), ('mencegah', 'n'), ('terinfeksi', 'n'), ('mencegah', 'n'), ('perburukan', 'n'), ('gejala', 'n'), ('terinfeksi', 'n'), ('mengurangi', 'n'), ('virus', 'n'), ('wajibboostertetapprokes', 'n'), ('ekonominkrimeningkat', 'v')]",FAKTA
1.65888E+12,7/27/2022 8:17,1.32642E+18,SamuelParhan,Parhan Samuel,prokes dan vaksin untuk mencegah kenaikan covid di indonesia wajibboosterprokes  ,https://twitter.com/SamuelParhan/status/1552100754458312704,"[('prokes', 'n'), ('vaksin', 'n'), ('mencegah', 'n'), ('kenaikan', 'n'), ('covid', 'n'), ('indonesia', 'n'), ('wajibboosterprokes', 'n')]",FAKTA
1.65888E+12,7/27/2022 8:15,1.32642E+18,ParhanSamuel,Samuel Parhan,prokes dan vaksin untuk mencegah kenaikan covid di indonesia wajibboosterprokes  ,https://twitter.com/ParhanSamuel/status/1552100302245212161,"[('prokes', 'n'), ('vaksin', 'n'), ('mencegah', 'n'), ('kenaikan', 'n'), ('covid', 'n'), ('indonesia', 'n'), ('wajibboosterprokes', 'n')]",FAKTA
1.65888E+12,7/27/2022 8:05,2907040202,Anggita_lung,Loli,cegah keparahan saat  terpapar virus covid     prokes dan vaksin tetap disiplin   vaksin mempunyai   fungsi penting yaitu mencegah terinfeksi mencegah perburukan gejala apabila terinfeksi dan  mengurangi  virus yg ada dalam  tubuh   wajibboostertetapprokes ekonominkrimeningkat  ,https://twitter.com/Anggita_lung/status/1552097906785587200,"[('cegah', 'n'), ('keparahan', 'n'), ('terpapar', 'n'), ('virus', 'n'), ('covid', 'n'), ('prokes', 'n'), ('vaksin', None), ('disiplin', 'n'), ('vaksin', 'n'), ('fungsi', 'n'), ('mencegah', None), ('terinfeksi', None), ('mencegah', 'n'), ('perburukan', 'n'), ('gejala', 'n'), ('terinfeksi', 'n'), ('mengurangi', 'n'), ('virus', 'n'), ('yg', 'n'), ('tubuh', 'n'), ('wajibboostertetapprokes', 'n'), ('ekonominkrimeningkat', 'v')]",FAKTA
1.65888E+12,7/27/2022 8:01,1.27295E+18,chinta_chintata,💕Indomiee Seleraku ❤️,tiga manfaat pemberian vaksin covid    termasuk booster yaitu     mencegah terinfeksi    mencegah perburukan gejala apabila terinfeksi  dan     mengurangi jumlah virus yang ada di dalam tubuh sehingga tidak mudah menularkan   wajibboostertetapprokes ekonominkrimeningkat  ,https://twitter.com/chinta_chintata/status/1552096884537245697,"[('manfaat', 'n'), ('pemberian', None), ('vaksin', 'n'), ('covid', 'n'), ('booster', 'n'), ('mencegah', 'n'), ('terinfeksi', 'n'), ('mencegah', 'n'), ('perburukan', 'n'), ('gejala', 'n'), ('terinfeksi', 'n'), ('mengurangi', 'n'), ('virus', 'n'), ('tubuh', 'n'), ('mudah', 'n'), ('menularkan', 'n'), ('wajibboostertetapprokes', 'n'), ('ekonominkrimeningkat', 'v')]",FAKTA
1.65888E+12,7/27/2022 7:58,1.39919E+18,SutanSegehh,SutanSegeh,tetap disiplin prokes serta menggunakan masker untuk mencegah penularan varian covid     vaksin imun kuat  ,https://twitter.com/SutanSegehh/status/1552096040576319489,"[('disiplin', 'n'), ('prokes', 'n'), ('masker', 'n'), ('mencegah', 'n'), ('penularan', 'n'), ('varian', None), ('covid', 'n'), ('vaksin', 'n'), ('imun', 'n'), ('kuat', 'n')]",FAKTA
1.65883E+12,7/26/2022 16:59,772686390,EdenisHere1,EdenIsHere,andai ada vaksin utk mencegah kemiskinan dan vaksin utk dapat bekerja di mana saja    tidak diwajibkan pun    orang antri kan   padahal    tahun merdeka   itu yg kita kejar  berpenghasilan  berpekerjaan   jadi anda masih percaya vaksin covid bukti pemerintah peduli pada anda ,https://twitter.com/EdenisHere1/status/1551869863823417344,"[('andai', 'r'), ('vaksin', 'n'), ('utk', None), ('mencegah', 'n'), ('kemiskinan', 'n'), ('vaksin', 'n'), ('utk', None), ('diwajibkan', 'n'), ('orang', 'n'), ('antri', 'n'), ('merdeka', 'n'), ('yg', 'n'), ('kejar', 'n'), ('berpenghasilan', 'n'), ('berpekerjaan', 'v'), ('percaya', 'n'), ('vaksin', 'n'), ('covid', 'n'), ('bukti', 'n'), ('pemerintah', 'n'), ('peduli', None)]",FAKTA
1.65881E+12,7/26/2022 12:12,1.42203E+18,sandrakim608,Sandra,vaksin booster untuk mencegah penyebaran varian baru covid     ikn transformasi bangsa,https://twitter.com/sandrakim608/status/1551797541691277312,"[('vaksin', 'n'), ('booster', 'n'), ('mencegah', 'n'), ('penyebaran', 'n'), ('varian', None), ('covid', 'n'), ('ikn', 'n'), ('transformasi', 'n'), ('bangsa', 'n')]",FAKTA
1.65881E+12,7/26/2022 12:09,1.14555E+18,PklHumas,Humas Polsek Pkl. Susu,  kegiatan kanit binmas polsek pangkalan susu aipda tarmadi rahanto melaksanakan kegiatan monitoring vaksin masal untuk masyarakat umum di upt puskesmas pkl  susu sehingga masyarakat dapat mencegah penyebaran covid      ,https://twitter.com/PklHumas/status/1551796924772392960,"[('kegiatan', 'n'), ('kanit', 'v'), ('binmas', None), ('polsek', 'n'), ('pangkalan', 'n'), ('susu', 'v'), ('aipda', None), ('tarmadi', 'n'), ('rahanto', 'n'), ('melaksanakan', None), ('kegiatan', 'n'), ('monitoring', 'n'), ('vaksin', 'n'), ('masal', 'n'), ('masyarakat', 'n'), ('upt', None), ('puskesmas', 'n'), ('pkl', 'n'), ('susu', 'n'), ('masyarakat', 'n'), ('mencegah', 'n'), ('penyebaran', 'n'), ('covid', 'n')]",FAKTA
1.65881E+12,7/26/2022 11:59,1.41361E+18,Yunita01405961,Yunita,vaksin booster untuk mencegah penularan covid     ikn transformasi bangsa,https://twitter.com/Yunita01405961/status/1551794425650507776,"[('vaksin', 'n'), ('booster', 'n'), ('mencegah', 'n'), ('penularan', 'n'), ('covid', 'n'), ('ikn', 'n'), ('transformasi', 'n'), ('bangsa', 'n')]",FAKTA
1.65881E+12,7/26/2022 10:16,1.35657E+18,DyahSerly,Dyah Serly Utami,waspada hoax terkait vaksin  vaksin yang digunakan aman untuk mencegah terjadinya penularan covid     ikn transformasi bangsa,https://twitter.com/DyahSerly/status/1551768415672872960,"[('waspada', 'n'), ('hoax', 'n'), ('terkait', 'n'), ('vaksin', 'n'), ('vaksin', 'n'), ('aman', 'n'), ('mencegah', 'n'), ('penularan', 'n'), ('covid', 'n'), ('ikn', 'n'), ('transformasi', 'n'), ('bangsa', 'n')]",FAKTA
1.6588E+12,7/26/2022 9:54,1.43184E+18,Lantas_Sergai,SAT LANTAS POLRES SERGAI,ayo vaksin dan patuhi prokes dalam kehidupan sehari hari  untuk mencegah penularan virus covid     pandemibelumberakhir  patuhiprotokolkesehatan  ingat m  bersatulawancovid    ,https://twitter.com/Lantas_Sergai/status/1551762899076804609,"[('ayo', 'n'), ('vaksin', 'n'), ('patuhi', 'n'), ('prokes', 'n'), ('kehidupan', 'v'), ('sehari', None), ('mencegah', 'n'), ('penularan', 'n'), ('virus', 'n'), ('covid', 'n'), ('pandemibelumberakhir', 'n'), ('patuhiprotokolkesehatan', 'n'), ('m', 'n'), ('bersatulawancovid', 'n')]",FAKTA
1.65879E+12,7/26/2022 4:56,1.28874E+18,Lantasresblw,satlantaspolrespelabuhanbelawan,kegiatan rutin yang ditingkatkan sat lantas polres pel blwn melaksanakan sosialisasi   peraturan berlalu lintas dan penerapan prokes serta menghimbau kepada masyarakat dan para pengguna jalan agar melaksanakan vaksin dan mencegah penyebaran wabah covid      ,https://twitter.com/Lantasresblw/status/1551687926840688640,"[('kegiatan', 'n'), ('rutin', 'n'), ('ditingkatkan', 'n'), ('sat', 'v'), ('lantas', None), ('polres', 'n'), ('pel', 'v'), ('blwn', None), ('melaksanakan', 'n'), ('sosialisasi', 'n'), ('peraturan', 'n'), ('lintas', None), ('penerapan', 'n'), ('prokes', 'n'), ('menghimbau', None), ('masyarakat', 'n'), ('pengguna', 'n'), ('jalan', 'n'), ('melaksanakan', None), ('vaksin', 'n'), ('mencegah', 'n'), ('penyebaran', 'n'), ('wabah', 'n'), ('covid', 'n')]",FAKTA
1.65875E+12,7/25/2022 19:48,1.4344E+18,SFSelalu,Zorro Yamato Marco, ijin bertanya prof  adakah efektifitas vaksin ke   untuk mencegah covid  bukankah vaksin bersifat spesifik  sehingga perubahan pada target virus tentu butuh cetakan virus yg terbaru ,https://twitter.com/SFSelalu/status/1551549961112006657,"[('ijin', 'n'), ('prof', 'n'), ('adakah', 'n'), ('efektifitas', 'n'), ('vaksin', 'v'), ('mencegah', 'n'), ('covid', 'n'), ('vaksin', 'n'), ('bersifat', 'n'), ('spesifik', 'n'), ('perubahan', None), ('target', 'n'), ('virus', 'n'), ('butuh', 'n'), ('cetakan', 'n'), ('virus', 'n'), ('yg', 'n'), ('terbaru', 'n')]",FAKTA
1.65874E+12,7/25/2022 17:05,1728180828,Campaign_ID,Champ,ternyata  ada vaksin lain yang gak kalah penting sama vaksin covid   buat changemaker girls  kamu udah pernah vaksin hpv buat mencegah kanker serviks   ,https://twitter.com/Campaign_ID/status/1551509013560340481,"[('vaksin', 'n'), ('gak', 'n'), ('kalah', 'n'), ('vaksin', 'n'), ('covid', 'n'), ('changemaker', 'n'), ('girls', 'n'), ('udah', None), ('vaksin', 'n'), ('hpv', 'n'), ('mencegah', 'n'), ('kanker', 'n'), ('serviks', 'n')]",FAKTA
1.65873E+12,7/25/2022 13:56,1.49785E+18,AgilYusnik,Yusnik Agil,kapolres menjelaskan gerai vaksin presisi ini sebagai upaya mencegah penyebaran covid     mempertahankan imunitas tubuh demi terwujudnya kekebalan tubuh yg kuat    dendi ramadhona kabupaten pesawaran   ,https://twitter.com/AgilYusnik/status/1551461419882668039,"[('kapolres', 'n'), ('gerai', None), ('vaksin', 'n'), ('presisi', 'n'), ('upaya', None), ('mencegah', 'n'), ('penyebaran', 'n'), ('covid', 'n'), ('mempertahankan', 'n'), ('imunitas', 'n'), ('tubuh', 'v'), ('terwujudnya', 'n'), ('kekebalan', 'n'), ('tubuh', 'v'), ('yg', 'n'), ('kuat', 'n'), ('dendi', 'n'), ('ramadhona', 'n'), ('kabupaten', 'v'), ('pesawaran', 'n')]",FAKTA
1.65872E+12,7/25/2022 11:01,1.43184E+18,Lantas_Sergai,SAT LANTAS POLRES SERGAI,ayo vaksin dan patuhi prokes dalam kehidupan sehari hari  untuk mencegah penularan virus covid     pandemibelumberakhir  patuhiprotokolkesehatan  ingat m  bersatulawancovid    ,https://twitter.com/Lantas_Sergai/status/1551417289802940417,"[('ayo', 'n'), ('vaksin', 'n'), ('patuhi', 'n'), ('prokes', 'n'), ('kehidupan', 'v'), ('sehari', None), ('mencegah', 'n'), ('penularan', 'n'), ('virus', 'n'), ('covid', 'n'), ('pandemibelumberakhir', 'n'), ('patuhiprotokolkesehatan', 'n'), ('m', 'n'), ('bersatulawancovid', 'n')]",FAKTA
1.65872E+12,7/25/2022 10:27,1.41361E+18,Wati77482332,Wati,ayo vaksin booster untuk mencegah penyebaran covid     ikn citra indonesia,https://twitter.com/Wati77482332/status/1551408830365388800,"[('ayo', 'n'), ('vaksin', 'n'), ('booster', 'n'), ('mencegah', 'n'), ('penyebaran', 'n'), ('covid', 'n'), ('ikn', 'n'), ('citra', 'n'), ('indonesia', 'n')]",FAKTA
1.65872E+12,7/25/2022 10:16,1.39734E+18,Anjani31777292,Anjani,prokes dan vaksin booster dapat mencegah keparahan saat terpapar covid     ikn citra indonesia,https://twitter.com/Anjani31777292/status/1551405956054929408,"[('prokes', 'n'), ('vaksin', 'n'), ('booster', 'n'), ('mencegah', 'n'), ('keparahan', 'n'), ('terpapar', 'n'), ('covid', 'n'), ('ikn', 'n'), ('citra', 'n'), ('indonesia', 'n')]",FAKTA
1.6587E+12,7/25/2022 5:46,1.28874E+18,Lantasresblw,satlantaspolrespelabuhanbelawan,kegiatan rutin yang ditingkatkan sat lantas polres pel blwn melaksanakan sosialisasi   peraturan berlalu lintas dan penerapan prokes serta menghimbau kepada masyarakat dan para pengguna jalan agar melaksanakan vaksin dan mencegah penyebaran wabah covid      ,https://twitter.com/Lantasresblw/status/1551338039439671296,"[('kegiatan', 'n'), ('rutin', 'n'), ('ditingkatkan', 'n'), ('sat', 'v'), ('lantas', None), ('polres', 'n'), ('pel', 'v'), ('blwn', None), ('melaksanakan', 'n'), ('sosialisasi', 'n'), ('peraturan', 'n'), ('lintas', None), ('penerapan', 'n'), ('prokes', 'n'), ('menghimbau', None), ('masyarakat', 'n'), ('pengguna', 'n'), ('jalan', 'n'), ('melaksanakan', None), ('vaksin', 'n'), ('mencegah', 'n'), ('penyebaran', 'n'), ('wabah', 'n'), ('covid', 'n')]",FAKTA
1.65868E+12,7/24/2022 22:10,818691000,TahniaFashion,Uhoy, mungkin bisa jadi ini alasan mereka untuk booster rutin  karena vaksin booster ini teorinya mmg hanya mengurangi gejala  bukan utk mencegah terinfeksi dan penularan  walaupun sebenarnya cuma teori saja   karena yg udah vaksin jg ada yg mati divonis kena covid,https://twitter.com/TahniaFashion/status/1551223391495286787,"[('alasan', None), ('booster', 'n'), ('rutin', 'n'), ('vaksin', 'n'), ('booster', 'n'), ('teorinya', 'n'), ('mmg', 'n'), ('mengurangi', 'n'), ('gejala', 'n'), ('utk', None), ('mencegah', 'n'), ('terinfeksi', 'n'), ('penularan', 'n'), ('teori', 'n'), ('yg', 'n'), ('udah', None), ('vaksin', 'n'), ('jg', 'n'), ('yg', 'n'), ('mati', 'n'), ('divonis', 'n'), ('kena', 'n'), ('covid', 'n')]",FAKTA
1.65864E+12,7/24/2022 12:50,1.42203E+18,sandrakim608,Sandra,vaksin booster kesehatan dapat mencegah penularan covid    ,https://twitter.com/sandrakim608/status/1551082478470778887,"[('vaksin', 'n'), ('booster', 'n'), ('kesehatan', 'v'), ('mencegah', 'n'), ('penularan', 'n'), ('covid', 'n')]",FAKTA
1.65864E+12,7/24/2022 12:43,1.41361E+18,Yunita01405961,Yunita,vaksin booster dapat mencegah penularan covid     vaksin booster kesehatan,https://twitter.com/Yunita01405961/status/1551080734101688320,"[('vaksin', 'n'), ('booster', 'n'), ('mencegah', 'n'), ('penularan', 'n'), ('covid', 'n'), ('vaksin', 'n'), ('booster', 'n'), ('kesehatan', 'n')]",FAKTA
1.65864E+12,7/24/2022 11:59,1.28874E+18,Lantasresblw,satlantaspolrespelabuhanbelawan,kegiatan rutin yang ditingkatkan sat lantas polres pel blwn melaksanakan sosialisasi   peraturan berlalu lintas dan penerapan prokes serta menghimbau kepada masyarakat dan para pengguna jalan agar melaksanakan vaksin dan mencegah penyebaran wabah covid      ,https://twitter.com/Lantasresblw/status/1551069559050096640,"[('kegiatan', 'n'), ('rutin', 'n'), ('ditingkatkan', 'n'), ('sat', 'v'), ('lantas', None), ('polres', 'n'), ('pel', 'v'), ('blwn', None), ('melaksanakan', 'n'), ('sosialisasi', 'n'), ('peraturan', 'n'), ('lintas', None), ('penerapan', 'n'), ('prokes', 'n'), ('menghimbau', None), ('masyarakat', 'n'), ('pengguna', 'n'), ('jalan', 'n'), ('melaksanakan', None), ('vaksin', 'n'), ('mencegah', 'n'), ('penyebaran', 'n'), ('wabah', 'n'), ('covid', 'n')]",FAKTA
1.65719E+12,7/7/2022 18:20,1.41451E+18,AbimayuHadiyata,Abimayu Hadiyata,keren   semoga kasus covid    bisa membaik setelah banyak yang sudah di vaksin booster   thorloveandthunder stickto etherwithnct    thorloveandthunder airlanggahartarto tmsd lazada     mid year sale,https://twitter.com/AbimayuHadiyata/status/1545004752689238016,"[('keren', 'n'), ('semoga', 'v'), ('covid', 'n'), ('membaik', 'n'), ('vaksin', 'n'), ('booster', 'n'), ('thorloveandthunder', 'n'), ('stickto', 'n'), ('etherwithnct', None), ('thorloveandthunder', 'n'), ('airlanggahartarto', 'n'), ('tmsd', 'n'), ('lazada', 'n'), ('mid', None), ('year', 'n'), ('sale', 'n')]",FAKTA
1.65451E+12,6/6/2022 17:26,1.46418E+18,QuindraViana,Vianaaaaa,haechan ultah tapi ternyata malah kena covid    by the way penasaran deh  korea kan negara maju  kenapa kasus covidnya masih banyak sampai skrg ya   indonesia justru lebih dulu membaik  konser fansnya teriak  jg sudah boleh disini ,https://twitter.com/QuindraViana/status/1533757257162190850,"[('haechan', 'n'), ('ultah', None), ('kena', 'n'), ('covid', 'n'), ('by', None), ('the', None), ('way', 'n'), ('penasaran', 'n'), ('deh', 'n'), ('korea', 'n'), ('negara', 'n'), ('maju', 'n'), ('covidnya', 'n'), ('skrg', 'n'), ('ya', 'n'), ('indonesia', 'n'), ('membaik', None), ('konser', 'n'), ('fansnya', 'n'), ('teriak', 'n'), ('jg', 'n')]",FAKTA
1.65451E+12,6/6/2022 17:11,1.25612E+18,perupadata,perupadata,   provinsi menyumbang kasus harian covid    sebanyak      turun dibanding kemarin dengan tes yang juga membaik   sayangnya kasus aktif masih terus naik  sudah   hari ini   ,https://twitter.com/perupadata/status/1533753554929741824,"[('provinsi', 'n'), ('menyumbang', 'n'), ('harian', None), ('covid', 'n'), ('turun', 'n'), ('dibanding', 'v'), ('kemarin', 'n'), ('tes', 'n'), ('membaik', 'n'), ('sayangnya', 'n'), ('aktif', 'n')]",FAKTA
1.65394E+12,5/31/2022 3:41,1.32787E+18,BangTAJIR8,Julia Kristin, pk rizam   kasus covid sudah membaik  kenapa pilkada dki harus di tunda apa urgensinya   solo aja jalan terus walau covid merebak kemana mana  cc   ,https://twitter.com/BangTAJIR8/status/1531375217683025920,"[('pk', 'n'), ('rizam', 'n'), ('covid', 'n'), ('membaik', 'n'), ('pilkada', 'n'), ('dki', 'n'), ('tunda', 'n'), ('urgensinya', None), ('solo', 'n'), ('aja', 'n'), ('jalan', 'n'), ('covid', 'n'), ('merebak', 'n'), ('kemana', None), ('cc', 'n')]",FAKTA
1.65346E+12,5/25/2022 14:34,23343960,kompascom,Kompas.com,lebih lanjut  zubairi menyarankan masyarakat untuk tetap memakai masker meski kasus covid    sudah membaik   ,https://twitter.com/kompascom/status/1529365163509305345,"[('zubairi', 'n'), ('menyarankan', 'n'), ('masyarakat', 'n'), ('memakai', 'n'), ('masker', 'n'), ('covid', 'n'), ('membaik', 'n')]",FAKTA
1.65296E+12,5/19/2022 19:27,69183155,detikcom,detikcom,di tengah tren kasus covid    di indonesia yang mulai membaik  sudah ada    wilayah nihil kasus  berikut daftar lengkapnya   ,https://twitter.com/detikcom/status/1527264598344314886,"[('tren', 'n'), ('covid', None), ('indonesia', 'n'), ('membaik', 'n'), ('wilayah', 'n'), ('nihil', None), ('daftar', 'n'), ('lengkapnya', 'n')]",FAKTA
1.65296E+12,5/19/2022 18:51,104446991,detikHealth,detikHealth,di tengah tren kasus covid    di indonesia yang mulai membaik  sudah ada    wilayah nihil kasus  berikut daftar lengkapnya   ,https://twitter.com/detikHealth/status/1527255696412221441,"[('tren', 'n'), ('covid', None), ('indonesia', 'n'), ('membaik', 'n'), ('wilayah', 'n'), ('nihil', None), ('daftar', 'n'), ('lengkapnya', 'n')]",FAKTA
1.65166E+12,5/4/2022 16:32,153407983,PDI_Perjuangan,PDI Perjuangan,perkembangan pandemi covid    di bali sudah terus membaik  hal ini terlihat dari data kumulatif sampai    april       jumlah kasus baru mengalami penurunan secara konsisten  melandai  dan stabil pada angka dua digit yang rendah  antara    sampai    orang per hari ,https://twitter.com/PDI_Perjuangan/status/1521784932426690563,"[('perkembangan', None), ('pandemi', 'n'), ('covid', 'n'), ('bali', 'n'), ('membaik', 'n'), ('data', 'n'), ('kumulatif', 'n'), ('april', None), ('mengalami', 'n'), ('penurunan', 'n'), ('konsisten', 'v'), ('melandai', None), ('stabil', 'n'), ('angka', 'n'), ('digit', 'n'), ('rendah', 'n'), ('orang', None)]",FAKTA
1.6507E+12,4/23/2022 14:21,142305302,tribunmedan,Tribun Medan,akan tetapi  akibat pandemi yang terjadi layanan ini tidak dilaksanakan sementara demi mencegah penyebaran covid     saat ini jumlah kasus covid    sudah mulai melandai  dan kondisi nasional terus membaik    baca selengkapnya di    ,https://twitter.com/tribunmedan/status/1517765538407411712,"[('akibat', 'n'), ('pandemi', 'n'), ('layanan', 'n'), ('dilaksanakan', 'n'), ('mencegah', 'n'), ('penyebaran', 'n'), ('covid', 'n'), ('covid', 'n'), ('melandai', 'n'), ('kondisi', 'n'), ('nasional', None), ('membaik', 'n'), ('baca', 'n'), ('selengkapnya', 'n')]",FAKTA
1.6507E+12,4/23/2022 14:00,1150280984,kanimsus_medan,imigrasi_medan,akan tetapi  akibat pandemi yang terjadi layanan ini tidak dilaksanakan sementara demi mencegah penyebaran covid     saat ini jumlah kasus covid    sudah mulai melandai  dan kondisi nasional terus membaik    baca selengkapnya di    ,https://twitter.com/kanimsus_medan/status/1517760407536308224,"[('akibat', 'n'), ('pandemi', 'n'), ('layanan', 'n'), ('dilaksanakan', 'n'), ('mencegah', 'n'), ('penyebaran', 'n'), ('covid', 'n'), ('covid', 'n'), ('melandai', 'n'), ('kondisi', 'n'), ('nasional', None), ('membaik', 'n'), ('baca', 'n'), ('selengkapnya', 'n')]",FAKTA
1.65025E+12,4/18/2022 10:02,3071562996,officialumntv,UMN TV, share your thoughts   ultimates   melihat kasus covid    yang terus membaik  menko luhut binsar panjaitan mengumumkan bahwa sekarang naik pesawat untuk penerbangan domestik tidak perlu lagi pcr dengan syarat sudah lengkap vaksin dosis ke      ,https://twitter.com/officialumntv/status/1515888576550293505,"[('share', 'n'), ('your', None), ('thoughts', 'n'), ('ultimates', 'v'), ('covid', 'n'), ('membaik', 'n'), ('menko', 'n'), ('luhut', 'n'), ('binsar', 'n'), ('panjaitan', 'n'), ('mengumumkan', 'n'), ('pesawat', 'n'), ('penerbangan', None), ('domestik', 'n'), ('pcr', 'n'), ('syarat', 'n'), ('lengkap', 'n'), ('vaksin', 'n'), ('dosis', 'n')]",FAKTA
1.64856E+12,3/29/2022 20:57,153407983,PDI_Perjuangan,PDI Perjuangan,menurutnya keputusan yang diambil oleh pemerintah kota kediri sudah benar    itu sudah bagus  memang sekarang ini kasus covid     sudah berangsur angsur membaik dan sudah bisa diatasi ,https://twitter.com/PDI_Perjuangan/status/1508805497872617473,"[('menurutnya', 'n'), ('keputusan', 'n'), ('diambil', None), ('pemerintah', 'n'), ('kota', 'n'), ('kediri', 'n'), ('bagus', 'n'), ('covid', 'n'), ('berangsur', 'n'), ('angsur', 'n'), ('membaik', 'n'), ('diatasi', 'n')]",FAKTA
1.64812E+12,3/24/2022 17:14,1.25612E+18,perupadata,perupadata,  ribu kasus baru covid     dengan positivity rate berangsut membaik   tren   hari ini masih berlanjut  jakarta dan jawa barat catatkan seribuan kasus baru  sementara provinsi lain di atas seribu bahkan ada yang sudah satu digit   kasus aktif masih terus konsisten turun   ,https://twitter.com/perupadata/status/1506937383953989640,"[('ribu', 'n'), ('covid', 'n'), ('positivity', 'n'), ('rate', 'n'), ('berangsut', 'n'), ('membaik', 'n'), ('tren', 'n'), ('berlanjut', 'n'), ('jakarta', 'n'), ('jawa', 'n'), ('barat', 'n'), ('catatkan', None), ('seribuan', None), ('provinsi', 'n'), ('seribu', 'v'), ('digit', None), ('aktif', 'n'), ('konsisten', 'v'), ('turun', 'n')]",FAKTA
1.64809E+12,3/24/2022 10:21,1.25803E+18,subroto_aldo,Aldo Subroto Pamudji,kasus covid di indonesia sudah mulai membaik   percepat vaksin dan lakukan vaksinasi bosster,https://twitter.com/subroto_aldo/status/1506833563328557056,"[('covid', 'n'), ('indonesia', 'n'), ('membaik', 'n'), ('percepat', 'n'), ('vaksin', 'n'), ('lakukan', None), ('vaksinasi', 'n'), ('bosster', 'n')]",FAKTA
1.64808E+12,3/24/2022 6:00,1.38874E+18,Febrian40728473,Febrianto,perkembangan kasus covid    di indonesia sudah mulai terus membaik ayodukungpemulihannkri  ,https://twitter.com/Febrian40728473/status/1506767753494994944,"[('perkembangan', None), ('covid', 'n'), ('indonesia', 'n'), ('membaik', 'n'), ('ayodukungpemulihannkri', 'n')]",FAKTA
1.64682E+12,3/9/2022 16:01,241936971,FitRadioBandung,94.8 FM FIT Radio Bandung,satgas penanganan covid    menyebut puncak gelombang ketiga corona akibat varian omicron di indonesia  sudah terlewati   ini terlihat dari kasus positif yang terus menurun  dan beberapa indikator yang menunjukkan tren semakin membaik   staysafe stayfitforlife  ,https://twitter.com/FitRadioBandung/status/1501483177151385604,"[('satgas', 'n'), ('penanganan', 'n'), ('covid', 'n'), ('menyebut', 'n'), ('puncak', 'n'), ('gelombang', 'n'), ('ketiga', 'v'), ('corona', None), ('akibat', 'n'), ('varian', None), ('omicron', 'n'), ('indonesia', 'n'), ('terlewati', 'n'), ('positif', 'n'), ('menurun', 'n'), ('indikator', 'n'), ('tren', 'n'), ('membaik', 'n'), ('staysafe', None), ('stayfitforlife', 'n')]",FAKTA
1.64568E+12,2/24/2022 13:32,1.48423E+18,trex4457,T-Rex,  covid sudah membaik walaupun kasus ningkat tapi imun manusia udah mulai kuat melawan covid  maka nya sekarang ini new normal udah gak lockdown di seluruh dunia,https://twitter.com/trex4457/status/1496734866418769924,"[('covid', 'n'), ('membaik', 'n'), ('ningkat', None), ('imun', 'n'), ('manusia', 'n'), ('udah', None), ('kuat', 'n'), ('melawan', 'n'), ('covid', 'n'), ('nya', 'n'), ('new', None), ('normal', None), ('udah', None), ('gak', 'n'), ('lockdown', None), ('dunia', 'n')]",FAKTA
1.64429E+12,2/8/2022 10:31,2338126526,fauzann232,Fauzan7, iyaa pak   kalo di lihat kemarin mereka malah minta cabut darurat pandemi covid      tujuannya kelihatan ingin menggagalkan upaya pemerintah untuk melawan pandemi yg sudah mulai membaik  kalau kasus meningkat mereka juga gak tanggung jawab  yang di salahkan pemerintah lagi ,https://twitter.com/fauzann232/status/1490891092660682756,"[('iyaa', 'n'), ('kalo', 'n'), ('lihat', None), ('kemarin', 'v'), ('cabut', 'n'), ('darurat', 'n'), ('pandemi', 'n'), ('covid', 'n'), ('tujuannya', 'n'), ('menggagalkan', None), ('upaya', None), ('pemerintah', 'n'), ('melawan', 'n'), ('pandemi', 'n'), ('yg', 'n'), ('membaik', 'n'), ('meningkat', 'n'), ('gak', 'n'), ('tanggung', 'n'), ('salahkan', None), ('pemerintah', 'n')]",FAKTA
1.64429E+12,2/8/2022 9:33,2338126526,fauzann232,Fauzan7, iyaa pak   kalo di lihat kemarin mereka malah minta cabut darurat pandemi covid      tujuannya kelihatan ingin menggagalkan upaya pemerintah untuk melawan pandemi yg sudah mulai membaik  kalau kasus meningkat mereka juga gak tanggung jawab  yang di salahkan pemerintah lagi ,https://twitter.com/fauzann232/status/1490876513301893122,"[('iyaa', 'n'), ('kalo', 'n'), ('lihat', None), ('kemarin', 'v'), ('cabut', 'n'), ('darurat', 'n'), ('pandemi', 'n'), ('covid', 'n'), ('tujuannya', 'n'), ('menggagalkan', None), ('upaya', None), ('pemerintah', 'n'), ('melawan', 'n'), ('pandemi', 'n'), ('yg', 'n'), ('membaik', 'n'), ('meningkat', 'n'), ('gak', 'n'), ('tanggung', 'n'), ('salahkan', None), ('pemerintah', 'n')]",FAKTA
1.64389E+12,2/3/2022 19:40,8.74171E+17,DitjenAnggaran,Direktorat Jenderal Anggaran,nilai neraca perdagangan yang surplus ini juga bisa menjadi pertanda bahwa perekonomian suatu negara sudah berlangsung dan membaik lho   namun  potensi risiko akibat kasus covid     kondisi ekonomi  dan geopolitik global masih ada ,https://twitter.com/DitjenAnggaran/status/1489217322724167680,"[('nilai', None), ('neraca', 'n'), ('perdagangan', 'n'), ('surplus', 'n'), ('pertanda', 'n'), ('perekonomian', None), ('negara', 'n'), ('membaik', 'n'), ('lho', 'n'), ('potensi', 'n'), ('risiko', 'n'), ('akibat', 'n'), ('covid', 'n'), ('kondisi', 'n'), ('ekonomi', None), ('geopolitik', 'n'), ('global', None)]",FAKTA
1.64026E+12,12/23/2021 18:49,538759871,Evi_Fadliah,Evi Fadliah ◡̈,well  we know kondisi di indonesia saat ini sudah semakin membaik  tapi yang namanya virus covid    masih ajah cari celah   jangan sampai niy kasus omicron di indonesia semakin bertambah  makanya please janganpergidulu ya  libur natarunya di rumah  aja dulu,https://twitter.com/Evi_Fadliah/status/1473984193080090624,"[('well', 'r'), ('we', None), ('know', 'v'), ('kondisi', None), ('indonesia', 'n'), ('membaik', 'n'), ('namanya', None), ('virus', 'n'), ('covid', 'n'), ('ajah', 'n'), ('cari', 'n'), ('celah', 'n'), ('niy', None), ('omicron', 'n'), ('indonesia', 'n'), ('bertambah', 'n'), ('please', 'n'), ('janganpergidulu', 'n'), ('ya', 'n'), ('libur', 'n'), ('natarunya', None), ('rumah', 'n'), ('aja', 'n')]",FAKTA
1.64015E+12,12/22/2021 12:10,18071520,antaranews,antaranews.com,meskipun situasi pandemi semakin membaik  disiplin memakai masker harus tetap dijaga  hal ini juga berlaku bagi yang sudah dua kali vaksinasi  menyambut natal dan tahun baru  kita batasi kegiatan agar mencegah lonjakan kasus  kita harus tetap waspada  karena covid    masih ada   ,https://twitter.com/antaranews/status/1473521311762685953,"[('situasi', 'n'), ('pandemi', 'n'), ('membaik', 'n'), ('disiplin', 'n'), ('memakai', 'n'), ('masker', 'n'), ('dijaga', 'n'), ('berlaku', 'n'), ('kali', 'n'), ('vaksinasi', 'n'), ('menyambut', 'n'), ('natal', None), ('batasi', 'n'), ('kegiatan', 'n'), ('mencegah', 'n'), ('lonjakan', None), ('waspada', 'n'), ('covid', 'n')]",FAKTA
1.63989E+12,12/19/2021 13:12,9.80098E+17,AlbertSolo2,Albert Solo,kasus omicron di belanda adalah salah satu yang tertinggi di eropa  sudah ada    warganya yang terkonfirmasi positif covid    varian omicron dan sebagian besar sudah mulai membaik dan di ijinkan pulang  untuk meredam omicron lebih luas lagi  belanda berlakukan karantina ketat,https://twitter.com/AlbertSolo2/status/1472449661994561536,"[('omicron', 'n'), ('belanda', 'n'), ('salah', 'n'), ('tertinggi', 'n'), ('eropa', 'n'), ('warganya', 'n'), ('terkonfirmasi', 'n'), ('positif', 'n'), ('covid', 'n'), ('varian', None), ('omicron', 'n'), ('membaik', 'n'), ('ijinkan', 'n'), ('pulang', 'n'), ('meredam', 'n'), ('omicron', 'n'), ('luas', 'n'), ('belanda', 'n'), ('berlakukan', None), ('karantina', 'n'), ('ketat', 'n')]",FAKTA
1.63965E+12,12/16/2021 18:10,1.20637E+18,jernihdotco,Jernih.co,meski kasus covid    mulai mereda  tetapi potensi penularan masih tetap ada  oleh karenanya  penanganan pandemi covid    yang sudah membaik harus terus dijaga  terutama saat libur nataru  beritaterbaru   ,https://twitter.com/jernihdotco/status/1471437447984607232,"[('covid', 'n'), ('mereda', 'n'), ('potensi', 'n'), ('penularan', 'n'), ('penanganan', 'n'), ('pandemi', 'n'), ('covid', 'n'), ('membaik', 'n'), ('dijaga', 'n'), ('libur', 'n'), ('nataru', 'n'), ('beritaterbaru', 'n')]",FAKTA
1.63954E+12,12/15/2021 11:51,1.42412E+18,PuntoWicaksono,️Mas Pewe️,perketat deh jangan sampai kebobolan seperti kasus kasus sebelumnya  pemerintah sudah baik menempuh jalan ini selama pandemi  bahkan perekonomian indonesia sudah mulai membaik pasca varian covid yang sebelum nya ,https://twitter.com/PuntoWicaksono/status/1470979734959898628,"[('perketat', 'n'), ('deh', 'n'), ('kebobolan', None), ('pemerintah', 'n'), ('menempuh', 'n'), ('jalan', 'n'), ('pandemi', 'n'), ('perekonomian', None), ('indonesia', 'n'), ('membaik', 'n'), ('pasca', 'n'), ('varian', None), ('covid', 'n'), ('nya', 'n')]",FAKTA
1.63877E+12,12/6/2021 11:56,375034735,taeswooc,diana,india kasus covid naik lagi  india open jadi kah  tapi masih bulan depan sih semoga sudah membaik,https://twitter.com/taeswooc/status/1467719453177565184,"[('india', None), ('covid', 'n'), ('india', 'n'), ('open', None), ('kah', 'n'), ('sih', 'n'), ('semoga', 'n'), ('membaik', 'n')]",FAKTA
1.63818E+12,11/29/2021 17:31,2467109641,infoppkk,Pusat Krisis Kesehatan Kemenkes RI,salam sehat sobatkriskes  saat ini situasi penanganan pandemi covid    di indonesia semakin membaik  tetapi bukan berarti pandemi sudah selesai    hal berikut dapat memicu kenaikan kasus covid    kembali  simak selengkapnya berikut   cegahcovid   ayovaksinasi disiplinprokes  ,https://twitter.com/infoppkk/status/1465267221106597894,"[('salam', 'n'), ('sehat', None), ('sobatkriskes', 'v'), ('situasi', 'n'), ('penanganan', 'n'), ('pandemi', 'n'), ('covid', 'n'), ('indonesia', 'n'), ('membaik', 'n'), ('pandemi', 'n'), ('selesai', 'n'), ('memicu', 'n'), ('kenaikan', 'v'), ('covid', 'n'), ('simak', 'n'), ('selengkapnya', 'n'), ('cegahcovid', 'n'), ('ayovaksinasi', 'n'), ('disiplinprokes', 'n')]",FAKTA
1.63797E+12,11/27/2021 6:00,1.42562E+18,HendraaM11,Hendra,dari penurunan kasus covid    indonesia sudah berhasil dipertahankan     hari semakin membaik pedulinegeritaatprokes  ,https://twitter.com/HendraaM11/status/1464368372943044610,"[('penurunan', 'n'), ('covid', 'n'), ('indonesia', 'n'), ('berhasil', 'n'), ('dipertahankan', 'n'), ('membaik', 'n'), ('pedulinegeritaatprokes', 'n')]",FAKTA
1.63781E+12,11/25/2021 11:35,109173947,tia_alzahira,Tia,janganterbuai ingat kan kasus libur panjang yang lalu dan bikin kelonjakan kasus covid     sekarang kondisi sudah membaik terus disiplin prokes dan tunda dulu liburan   ,https://twitter.com/tia_alzahira/status/1463728114878402564,"[('janganterbuai', 'n'), ('libur', 'n'), ('bikin', 'n'), ('kelonjakan', 'n'), ('covid', 'n'), ('kondisi', 'v'), ('membaik', 'n'), ('disiplin', 'n'), ('prokes', 'n'), ('tunda', None), ('liburan', 'n')]",FAKTA
1.63714E+12,11/17/2021 15:00,1.21629E+18,abi_sasaLL,abi sasal,perayaan hari hari besar itulah muncul peningkatan kasus disebabkan oleh mobilitas dan pergerakan sangat tinggi   kondisi sekarang sudah membaik bukan berarti kita sudah memenangkan peperangan covid    tetap patuhi aturan dan terapkan prokes selalu   ,https://twitter.com/abi_sasaLL/status/1460880515343400969,"[('perayaan', 'n'), ('muncul', 'n'), ('peningkatan', 'n'), ('disebabkan', 'n'), ('mobilitas', 'n'), ('pergerakan', None), ('kondisi', 'n'), ('membaik', 'n'), ('memenangkan', 'n'), ('peperangan', 'n'), ('covid', None), ('patuhi', 'n'), ('aturan', 'v'), ('terapkan', None), ('prokes', 'n')]",FAKTA
1.63711E+12,11/17/2021 8:08,1.0883E+18,PrasetyoEdi_,Prasetyo Edi Marsudi,untuk memutus mata rantai penyebaran virus korona walaupun kasus covid    di tanah air sudah semakin menurun dan membaik  alangkah lebih baiknya kita mengambil langkah preventif dengan tetap waspada dan jangan abai ,https://twitter.com/PrasetyoEdi_/status/1460776877820243969,"[('memutus', 'n'), ('mata', 'n'), ('rantai', 'n'), ('penyebaran', 'n'), ('virus', 'n'), ('korona', 'n'), ('covid', 'n'), ('tanah', 'n'), ('air', 'n'), ('menurun', 'n'), ('membaik', 'n'), ('alangkah', 'n'), ('baiknya', 'n'), ('mengambil', None), ('langkah', 'n'), ('preventif', 'n'), ('waspada', 'n'), ('abai', 'n')]",FAKTA
1.63706E+12,11/16/2021 18:22,1.03619E+18,InfokomPMK,Informasi dan Komunikasi PMK,sobatkom  kasus covid    yang sudah berangsur membaik berdampak pada sektor industri yang mulai memberlakukan work from office  wfo   lho   ,https://twitter.com/InfokomPMK/status/1460568993769476098,"[('sobatkom', None), ('covid', 'n'), ('berangsur', 'n'), ('membaik', 'n'), ('berdampak', 'n'), ('sektor', 'n'), ('industri', 'n'), ('memberlakukan', None), ('work', 'n'), ('from', None), ('office', 'n'), ('wfo', 'n'), ('lho', 'n')]",FAKTA
1.63699E+12,11/15/2021 23:09,240099247,moonellaaaaa,Melva Surbakti, kalo keadaan perusahaan sudah membaik pasca kasus covid menurun  management jgn pura  buta dan tuli dong ,https://twitter.com/moonellaaaaa/status/1460278712281165826,"[('kalo', 'n'), ('perusahaan', 'n'), ('membaik', 'n'), ('pasca', 'n'), ('covid', 'n'), ('menurun', None), ('management', 'n'), ('jgn', 'n'), ('pura', 'n'), ('buta', 'n'), ('tuli', 'n')]",FAKTA
1.63609E+12,11/5/2021 13:28,1.44993E+18,HumasPolresBan5,Humas Polres Banjar,walaupun pengendalian kasus covid    di indonesia sudah mulai membaik  kapolri jenderal listyo sigit prabowo mengingatkan lagi pesan presiden joko widodo agar tidak lengah dan abai   akselerasivaksinasipolri ciptakan herd immunity  ,https://twitter.com/HumasPolresBan5/status/1456508687908888577,"[('pengendalian', None), ('covid', 'n'), ('indonesia', 'n'), ('membaik', 'n'), ('kapolri', 'v'), ('jenderal', None), ('listyo', 'n'), ('sigit', 'n'), ('prabowo', 'n'), ('pesan', None), ('presiden', None), ('joko', 'n'), ('widodo', 'n'), ('lengah', None), ('abai', 'n'), ('akselerasivaksinasipolri', 'n'), ('ciptakan', 'n'), ('herd', 'n'), ('immunity', 'n')]",FAKTA
1.65911E+12,7/29/2022 22:40,1.25756E+18,bemfkm_unhas,BEM FKM UNHAS, press release   hai teman teman mahasiswa kesehatan masyarakat   covid    merupakan penyakit akibat infeksi virus sars  cov   yang  menginfeksi sistem pernapasan sehingga dapat menyebabkan kematian   ,https://twitter.com/bemfkm_unhas/status/1553042681877909504,"[('press', 'n'), ('release', 'n'), ('hai', None), ('teman', None), ('teman', 'n'), ('mahasiswa', 'n'), ('kesehatan', 'n'), ('masyarakat', 'n'), ('covid', 'n'), ('penyakit', 'n'), ('akibat', 'n'), ('infeksi', 'n'), ('virus', 'n'), ('sars', 'n'), ('cov', 'v'), ('menginfeksi', None), ('sistem', 'n'), ('pernapasan', None), ('menyebabkan', 'n'), ('kematian', 'n')]",FAKTA
1.65902E+12,7/28/2022 21:08,9.74822E+17,inawrldlikethis,anu struggle tweet,pemerintah sekarang peka karena pandemi covid    ini prediksinya berakhir agak lama  then ketidakteraturan selalu meningkat yang bisa menyebabkan virusnya trs bermutasi  dan ikuti aja lah lagian bukti vaksinasi sudah terpampang jelas bisa mereduksi jumlah kematian      gratis jg,https://twitter.com/inawrldlikethis/status/1552657266993930240,"[('pemerintah', 'n'), ('peka', 'n'), ('pandemi', 'n'), ('covid', 'n'), ('prediksinya', 'n'), ('then', 'r'), ('ketidakteraturan', 'v'), ('meningkat', 'n'), ('menyebabkan', 'n'), ('virusnya', 'n'), ('trs', 'n'), ('bermutasi', 'n'), ('ikuti', 'n'), ('aja', 'n'), ('bukti', 'n'), ('vaksinasi', 'n'), ('terpampang', 'n'), ('mereduksi', 'n'), ('kematian', None), ('gratis', 'n'), ('jg', 'n')]",FAKTA
1.65897E+12,7/28/2022 8:06,1031549094,andikceritanya,andikceritanya,di mana menurut who ada      juta org meninggal akibat penyakit tbc di thn       penyakit ini mjd penyakit dg urutan ke    lho yg plg banyak menyebabkan kematian  dan mjd penyakit menular nomer   yg plg mematikan setelah covid      ayolawantbc,https://twitter.com/andikceritanya/status/1552460519835320321,"[('who', None), ('juta', 'n'), ('org', None), ('meninggal', None), ('akibat', 'n'), ('penyakit', 'n'), ('tbc', 'n'), ('thn', 'n'), ('penyakit', 'n'), ('mjd', 'n'), ('penyakit', 'n'), ('dg', 'n'), ('urutan', None), ('lho', 'n'), ('yg', 'n'), ('plg', 'n'), ('menyebabkan', 'n'), ('kematian', None), ('mjd', 'n'), ('penyakit', 'n'), ('menular', None), ('nomer', 'n'), ('yg', 'n'), ('plg', 'n'), ('mematikan', 'n'), ('covid', 'n'), ('ayolawantbc', 'n')]",FAKTA
1.65872E+12,7/25/2022 10:02,91965564,harakahdailyHD,Harakahdaily | الحركة,rokok boleh menyebabkan penyakit kepada pengguna dan orang yang berada di sekelilingnya               status covid        julai       kes sembuh         kes baharu positif            import  jumlah kes positif             kes kematian        bid  kes aktif                    ,https://twitter.com/harakahdailyHD/status/1551402403144278017,"[('rokok', 'n'), ('menyebabkan', None), ('penyakit', 'n'), ('pengguna', 'n'), ('orang', 'n'), ('sekelilingnya', 'n'), ('status', 'n'), ('covid', 'n'), ('julai', 'n'), ('kes', 'n'), ('sembuh', 'v'), ('kes', 'n'), ('baharu', 'v'), ('positif', None), ('import', 'n'), ('kes', 'n'), ('positif', 'v'), ('kes', 'n'), ('kematian', None), ('bid', 'n'), ('kes', 'n'), ('aktif', 'v')]",FAKTA
1.65856E+12,7/23/2022 13:10,1.24997E+18,lawancovid19_id,KPCPEN #PakaiMasker,beredar video menampilkan pernyataan bahwa vaksin covid    yang telah diberikan kepada masyarakat indonesia merupakan vaksin yang belum dilakukan pengujian dan dapat menyebabkan kematian   ,https://twitter.com/lawancovid19_id/status/1550725124231286784,"[('beredar', 'n'), ('video', 'n'), ('menampilkan', 'n'), ('pernyataan', 'n'), ('vaksin', 'n'), ('covid', 'n'), ('masyarakat', 'n'), ('indonesia', 'n'), ('vaksin', 'n'), ('pengujian', None), ('menyebabkan', 'n'), ('kematian', 'n')]",FAKTA
1.65734E+12,7/9/2022 10:12,7.55673E+17,kominfodiy,Kominfo DIY,lelaki tersebut membuat pernyataan tentang vaksin covid    yang telah diberikan kepada mayoritas masyarakat indonesia  seperti vaksin sinovac  pfizer  moderna  dan astrazeneca  merupakan vaksin yang belum dilakukan pengujian dan dapat menyebabkan kematian ,https://twitter.com/kominfodiy/status/1545606715735146496,"[('lelaki', 'n'), ('pernyataan', 'n'), ('vaksin', 'n'), ('covid', 'n'), ('mayoritas', 'n'), ('masyarakat', 'v'), ('indonesia', None), ('vaksin', 'n'), ('sinovac', 'n'), ('pfizer', 'n'), ('moderna', None), ('astrazeneca', 'n'), ('vaksin', 'n'), ('pengujian', None), ('menyebabkan', 'n'), ('kematian', 'n')]",FAKTA
1.65675E+12,7/2/2022 15:39,1.53079E+18,dinagustavsson,Dina NataliaLee,dr  robert malone penemu teknologi mrna yang digunakan oleh pfizer dan moderna untuk mengembangkan covid     semakin banyak dosis yang anda terima  akan semakin tinggi resiko anda terinfeksi penyakit yang kemungkinan bisa menyebabkan kematian  ,https://twitter.com/dinagustavsson/status/1543152456174972928,"[('dr', 'n'), ('robert', 'n'), ('malone', 'n'), ('penemu', 'n'), ('teknologi', 'n'), ('mrna', 'n'), ('pfizer', 'n'), ('moderna', 'n'), ('mengembangkan', 'n'), ('covid', 'n'), ('dosis', 'n'), ('terima', 'n'), ('resiko', 'n'), ('terinfeksi', 'n'), ('penyakit', 'n'), ('menyebabkan', 'n'), ('kematian', 'n')]",FAKTA
1.6564E+12,6/28/2022 13:54,22126902,republikaonline,Republika.co.id,covid    secara resmi telah menyebabkan kematian lebih dari     juta orang   ,https://twitter.com/republikaonline/status/1541676273122308096,"[('covid', 'n'), ('resmi', 'n'), ('menyebabkan', 'n'), ('kematian', None), ('juta', 'n'), ('orang', 'n')]",FAKTA
1.65578E+12,6/21/2022 8:36,2899430220,bowosusilo94,Bowo Susilo,fyi ya gengs  penyakit tbc merupakan penyakit dengan urutan ke    yang paling banyak menyebabkan kematian  dan menjadi penyakit menular nomor dua yang paling mematikan setelah covid     bersamalawantbc,https://twitter.com/bowosusilo94/status/1539059656739368960,"[('fyi', 'n'), ('ya', 'n'), ('gengs', 'n'), ('penyakit', 'v'), ('tbc', None), ('penyakit', 'n'), ('urutan', None), ('menyebabkan', None), ('kematian', None), ('penyakit', 'n'), ('menular', None), ('nomor', 'n'), ('mematikan', None), ('covid', 'n'), ('bersamalawantbc', 'n')]",FAKTA
1.65577E+12,6/21/2022 8:23,86970239,WiedWidya,Wiwied Widya,masi dr data who  penyakit tbc merupakan urutan ke    yang paling banyak menyebabkan kematian  dan jd penyakit menular ke   yg paling mematikan setelah covid     bersamalawantbc,https://twitter.com/WiedWidya/status/1539056452106846208,"[('masi', 'n'), ('dr', 'n'), ('data', 'n'), ('who', None), ('penyakit', 'v'), ('tbc', None), ('urutan', None), ('menyebabkan', None), ('kematian', None), ('jd', 'n'), ('penyakit', 'n'), ('menular', None), ('yg', 'n'), ('mematikan', None), ('covid', 'n'), ('bersamalawantbc', 'n')]",FAKTA
1.65577E+12,6/21/2022 8:17,73146055,archa_bella,Archa Bella,menurut who  sebanyak     juta orang meninggal akibat penyakit tbc di tahun       penyakit ini merupakan penyakit dengan urutan ke    yang paling banyak menyebabkan kematian  dan menjadi penyakit menular nomor dua yang paling mematikan setelah covid     wahh bersamalawantbc,https://twitter.com/archa_bella/status/1539054804659769344,"[('who', None), ('juta', 'n'), ('orang', None), ('meninggal', None), ('akibat', 'n'), ('penyakit', 'n'), ('tbc', 'n'), ('penyakit', 'n'), ('penyakit', 'n'), ('urutan', None), ('menyebabkan', None), ('kematian', None), ('penyakit', 'n'), ('menular', None), ('nomor', 'n'), ('mematikan', None), ('covid', 'n'), ('wahh', 'n'), ('bersamalawantbc', 'n')]",FAKTA
1.65577E+12,6/21/2022 8:07,164186014,awanmalangit,Imawan Anshari,menurut who  ada sebanyak     juta orang meninggal akibat penyakit tbc di tahun      yang lalu  penyakit ini merupakan penyakit dengan urutan ke    yg paling banyak menyebabkan kematian  dan menjadi penyakit menular nomor dua yg paling mematikan setelah covid     bersamalawantbc,https://twitter.com/awanmalangit/status/1539052286584172544,"[('who', None), ('juta', 'n'), ('orang', None), ('meninggal', None), ('akibat', 'n'), ('penyakit', 'n'), ('tbc', 'n'), ('penyakit', 'n'), ('penyakit', 'n'), ('urutan', None), ('yg', 'n'), ('menyebabkan', None), ('kematian', None), ('penyakit', 'n'), ('menular', None), ('nomor', 'n'), ('yg', 'n'), ('mematikan', None), ('covid', 'n'), ('bersamalawantbc', 'n')]",FAKTA
1.65513E+12,6/13/2022 21:35,9.684E+17,cutty_____,anak ayam 🐣,pemerintah terus mengamati munculnya kasus covid    subvarian omicron baru yaitu ba   dan ba   di tanah air  subvarian ini menyebabkan kenaikan kasus di berbagai negara  namun  memiliki angka kematian yang jauh lebih rendah dibandingkan varian omicron awal   ,https://twitter.com/cutty_____/status/1536356556765544448,"[('pemerintah', 'n'), ('mengamati', 'n'), ('munculnya', 'n'), ('covid', 'n'), ('subvarian', None), ('omicron', 'n'), ('ba', 'n'), ('ba', 'n'), ('tanah', 'n'), ('air', 'n'), ('subvarian', None), ('menyebabkan', 'n'), ('kenaikan', None), ('negara', 'n'), ('memiliki', 'n'), ('angka', 'n'), ('kematian', None), ('rendah', 'n'), ('dibandingkan', 'n'), ('varian', None), ('omicron', 'n')]",FAKTA
1.65511E+12,6/13/2022 16:02,1.3753E+18,HanyaNkri,HanyaNKRI,vaksin covid    digunakan untuk melindungi kita dan keluarga dari kematian akibat covid    bukan untuk menyebabkan virus baru  ,https://twitter.com/HanyaNkri/status/1536272843843207168,"[('vaksin', 'n'), ('covid', 'n'), ('melindungi', 'n'), ('keluarga', 'n'), ('kematian', None), ('akibat', 'n'), ('covid', 'n'), ('menyebabkan', 'n'), ('virus', 'n')]",FAKTA
1.65509E+12,6/13/2022 9:00,2714869507,newsmerahputih,newsmerahputih, hoaks atau fakta   vaksin covid    menyebabkan banyak kematian   merahputihcom vaksin depopulasi hoaks   ,https://twitter.com/newsmerahputih/status/1536166466604638211,"[('hoaks', 'n'), ('fakta', None), ('vaksin', 'n'), ('covid', 'n'), ('menyebabkan', 'n'), ('kematian', None), ('merahputihcom', 'n'), ('vaksin', 'n'), ('depopulasi', 'n'), ('hoaks', 'n')]",FAKTA
1.65387E+12,5/30/2022 7:55,3632257044,Interestnews21,INTERESTNEWS,vaksinasi covid    menyebabkan kematian  benarkah   ,https://twitter.com/Interestnews21/status/1531076789501575170,"[('vaksinasi', 'n'), ('covid', 'n'), ('menyebabkan', 'n'), ('kematian', None)]",FAKTA
1.65311E+12,5/21/2022 12:52,40818836,Senggiaw,Tan Seng Giaw,ketika pandemik covid    masih menyusah manusia bumi  pertubuhan kesihatan dunia melaporkan ada    kes cacar monyet di    negara  virus ini juga boleh menyebabkan kematian   ,https://twitter.com/Senggiaw/status/1527889980797751296,"[('pandemik', 'n'), ('covid', 'n'), ('menyusah', 'n'), ('manusia', 'n'), ('bumi', 'n'), ('pertubuhan', 'n'), ('kesihatan', 'v'), ('dunia', 'n'), ('melaporkan', 'n'), ('kes', 'n'), ('cacar', 'v'), ('monyet', 'r'), ('negara', None), ('virus', 'n'), ('menyebabkan', 'n'), ('kematian', 'n')]",FAKTA
1.65286E+12,5/18/2022 13:33,40818836,Senggiaw,Tan Seng Giaw,adakah covid    akan berada dengan manusia untuk selama lamanya seperti selsema kini  covid    pandemic menyebabkan     juta kematian di dunia banyak negara termasuk malaysia menyuntik vaksin  amp  melonggar langkah pencegahan  china terus melaksanakan dasar covid    sifar  lockdown   ,https://twitter.com/Senggiaw/status/1526813133670871040,"[('adakah', 'n'), ('covid', 'n'), ('manusia', 'n'), ('selsema', 'n'), ('covid', 'n'), ('pandemic', None), ('menyebabkan', 'n'), ('juta', 'n'), ('kematian', None), ('dunia', 'n'), ('negara', 'n'), ('malaysia', 'n'), ('menyuntik', 'n'), ('vaksin', 'n'), ('amp', 'n'), ('melonggar', 'n'), ('langkah', 'n'), ('pencegahan', None), ('china', 'n'), ('melaksanakan', 'n'), ('dasar', 'n'), ('covid', 'n'), ('sifar', 'v'), ('lockdown', None)]",FAKTA
1.65278E+12,5/17/2022 16:24,1537580954,HimagiUPNVJ,GIZI UPNVJakarta,penyakit karena infeksi virus ini disebut covid     virus corona bisa menyebabkan gangguan ringan pada sistem pernapasan  infeksi paru paru yang berat  hingga kematian ,https://twitter.com/HimagiUPNVJ/status/1526493792383012864,"[('penyakit', 'n'), ('infeksi', 'n'), ('virus', 'n'), ('covid', 'n'), ('virus', 'n'), ('corona', 'n'), ('menyebabkan', None), ('gangguan', None), ('ringan', 'n'), ('sistem', 'n'), ('pernapasan', None), ('infeksi', 'n'), ('paru', 'n'), ('paru', 'n'), ('berat', 'n'), ('kematian', 'n')]",FAKTA
1.65266E+12,5/16/2022 8:30,9.66984E+17,Genpi_Co,GenPI.co,korea utara makin babak belur oleh ganasnya wabah covid    yang telah menyebabkan puluhan kematian dalam   hari terakhir  koreautaramakinbabakbelur  ,https://twitter.com/Genpi_Co/status/1526012060051841024,"[('korea', 'n'), ('utara', None), ('babak', 'n'), ('belur', 'n'), ('ganasnya', 'n'), ('wabah', 'n'), ('covid', 'n'), ('menyebabkan', 'n'), ('puluhan', 'n'), ('kematian', None), ('koreautaramakinbabakbelur', 'n')]",FAKTA
1.65799E+12,7/16/2022 22:41,516165629,KAI121,Kereta Api Indonesia, jika penumpang sudah vaksin booster tidak wajib menunjukkan hasil negatif pcr antigen ya  informasi lengkap syarat dan ketentuan perjalanan dengan ka dapat dilakukan pengecekan via link   trims    ,https://twitter.com/KAI121/status/1548332059826929667,"[('penumpang', 'n'), ('vaksin', 'n'), ('booster', 'n'), ('wajib', 'n'), ('hasil', 'n'), ('negatif', 'n'), ('pcr', 'n'), ('antigen', 'n'), ('ya', 'n'), ('informasi', 'n'), ('lengkap', 'n'), ('syarat', 'n'), ('ketentuan', None), ('perjalanan', 'n'), ('ka', 'v'), ('pengecekan', 'n'), ('via', None), ('link', 'n'), ('trims', 'n')]",FAKTA
1.65788E+12,7/15/2022 16:48,47080055,farouk321,Firoun,lebih buruk lagi vaksin buat anak anak yang wajib dan sudah terbukti efektif  justru tidak dilakukan karena prioritas vaksin yang ini  membahayakan anak anak  terjadi di seluruh dunia    ,https://twitter.com/farouk321/status/1547880866306658305,"[('buruk', 'n'), ('vaksin', 'n'), ('anak', 'n'), ('anak', 'n'), ('wajib', 'n'), ('terbukti', 'n'), ('efektif', None), ('prioritas', 'n'), ('vaksin', 'v'), ('membahayakan', 'n'), ('anak', 'n'), ('anak', 'n'), ('dunia', 'n')]",FAKTA
1.65752E+12,7/11/2022 14:01,516165629,KAI121,Kereta Api Indonesia, selamat siang kak  baik  jika perjalanan dilakukan sebelum tanggal    juli       bagi penumpang yang sudah vaksin dosis kedua  maka tidak wajib menunjukkan hasil rapid test antigen pcr ya    ,https://twitter.com/KAI121/status/1546389157215637510,"[('selamat', 'n'), ('siang', 'n'), ('kak', 'v'), ('perjalanan', 'n'), ('tanggal', None), ('juli', 'n'), ('penumpang', 'n'), ('vaksin', 'n'), ('dosis', 'n'), ('wajib', 'n'), ('hasil', 'n'), ('rapid', None), ('test', 'n'), ('antigen', 'n'), ('pcr', 'n'), ('ya', 'n')]",FAKTA
1.65522E+12,6/14/2022 21:22,2254654273,contactap2,Contact Center AP II, bagi wna wajib dengan minimal vaksin dosis kedua dan membawa pula visa kitas kitap serta tidak diperlukan melampirkan bukti kepemilikan asuransi kesehatan serta tidak dilakukan karantina      terima kasih   boni,https://twitter.com/contactap2/status/1536715804217327619,"[('wna', 'n'), ('wajib', 'n'), ('minimal', None), ('vaksin', 'n'), ('dosis', 'n'), ('membawa', 'n'), ('visa', 'n'), ('kitas', 'n'), ('kitap', 'v'), ('melampirkan', 'n'), ('bukti', 'n'), ('kepemilikan', 'n'), ('asuransi', 'n'), ('kesehatan', 'n'), ('karantina', 'n'), ('terima', 'n'), ('kasih', 'n'), ('boni', 'n')]",FAKTA
1.6527E+12,5/16/2022 17:30,985527492,lisdewa,Dewa Susadia,     kalau kematian ditentukan oleh karrna tidak vaksinasi bukan karena ketentuan all h baru wajib dilakukan  saya masih bersandar hanya kpd all h bukan kpd vaksin ,https://twitter.com/lisdewa/status/1526148156576018433,"[('kematian', None), ('ditentukan', 'n'), ('karrna', None), ('vaksinasi', 'n'), ('ketentuan', 'v'), ('all', None), ('h', 'n'), ('wajib', 'n'), ('bersandar', 'n'), ('kpd', 'v'), ('all', None), ('h', 'n'), ('kpd', 'n'), ('vaksin', 'n')]",FAKTA
1.65252E+12,5/14/2022 15:41,24700727,mnurihsan,Muhammad Nur Ihsan ,   syarat wajib vaksin   vaksin ini yg sering ditanyakan  harus minimal   kali vaksin utama  booster tidak jadi syarat utama  selama check in saat mendarat di soetta menyatakan  hijau   bisa masuk fast lane dan langsung ke imigrasi  entah mengapa beredar booster harus dilakukan,https://twitter.com/mnurihsan/status/1525395800938795009,"[('syarat', 'n'), ('wajib', None), ('vaksin', 'n'), ('vaksin', 'n'), ('yg', 'n'), ('minimal', None), ('kali', 'n'), ('vaksin', 'n'), ('utama', None), ('booster', 'n'), ('syarat', 'n'), ('utama', None), ('check', 'n'), ('in', None), ('mendarat', 'n'), ('soetta', 'n'), ('hijau', 'n'), ('masuk', 'n'), ('fast', 'r'), ('lane', None), ('langsung', 'n'), ('imigrasi', None), ('beredar', 'n'), ('booster', 'n')]",FAKTA
1.65156E+12,5/3/2022 14:30,1.35505E+18,presidendungu,Presidendungu,vaksinasi sifatnya sukarela kata jendral andika tapi mengapa maksa yg mau dapat kjp saja wajib vaksin gak peduli ada komorbid atau tidak dan di seluruh indonesia dilakukan mandatori ,https://twitter.com/presidendungu/status/1521391620796534784,"[('vaksinasi', 'n'), ('sifatnya', 'n'), ('sukarela', 'n'), ('jendral', None), ('andika', None), ('maksa', 'n'), ('yg', 'n'), ('kjp', 'n'), ('wajib', 'n'), ('vaksin', 'n'), ('gak', 'n'), ('peduli', None), ('komorbid', 'n'), ('indonesia', 'n'), ('mandatori', 'n')]",FAKTA
1.65096E+12,4/26/2022 14:40,2916147380,Fraksi_Gerindra,Fraksi Gerindra DPR RI, boleh menggunakan vaksin tidak halal itu dalam kondisi darurat  jika tidak ada yang halal  sedangkan vaksinasi harus segera dilakukan  namun jika kondisi tidak darurat  kehalalan ini penting  karenanya pemerintah wajib menjamin ketersediaan vaksin halal   ujar putih sari ,https://twitter.com/Fraksi_Gerindra/status/1518857427676176385,"[('vaksin', 'n'), ('halal', 'n'), ('kondisi', 'n'), ('darurat', 'n'), ('halal', 'n'), ('vaksinasi', 'n'), ('kondisi', 'n'), ('darurat', 'n'), ('kehalalan', 'n'), ('pemerintah', 'n'), ('wajib', 'n'), ('menjamin', 'n'), ('ketersediaan', 'n'), ('vaksin', 'n'), ('halal', 'n'), ('putih', 'n'), ('sari', 'n')]",FAKTA
1.65038E+12,4/19/2022 21:33,2254654273,contactap2,Contact Center AP II, wajib membawa hasil pcr negatif dari negara keberangkatan dgn masa berlaku  x   jam  vaksinasi lengkap  mengunduh peduli lindungi  untuk yg sudah vaksin kedua atau ketiga tidak dilakukan karantina    ,https://twitter.com/contactap2/status/1516424781599768576,"[('wajib', 'n'), ('membawa', 'n'), ('hasil', 'n'), ('pcr', 'n'), ('negatif', None), ('negara', 'n'), ('keberangkatan', 'n'), ('dgn', 'n'), ('berlaku', 'n'), ('x', 'n'), ('jam', 'n'), ('vaksinasi', 'n'), ('lengkap', 'n'), ('mengunduh', 'n'), ('peduli', 'n'), ('lindungi', 'n'), ('yg', 'n'), ('vaksin', 'n'), ('ketiga', 'n'), ('karantina', 'n')]",FAKTA
1.64965E+12,4/11/2022 10:57,341987176,CommuterLine,KAI Commuter, selamat siang  perihal tersebut tidak perlu dilakukan  saat ini pengguna wajib menunjukkan sertifikat vaksin  minimal dosis pertama  dengan cara scan qr code melalui aplikasi pedulilindungi atau dapat menunjukkan sertifikat vaksin dalam bentuk hasil cetak digital  terima kasih ,https://twitter.com/CommuterLine/status/1513365543386255361,"[('selamat', 'n'), ('siang', 'n'), ('perihal', 'n'), ('pengguna', 'n'), ('wajib', 'n'), ('sertifikat', 'n'), ('vaksin', 'n'), ('minimal', None), ('dosis', 'n'), ('scan', None), ('qr', 'n'), ('code', 'n'), ('aplikasi', 'n'), ('pedulilindungi', 'n'), ('sertifikat', 'n'), ('vaksin', 'n'), ('bentuk', 'n'), ('hasil', 'n'), ('cetak', 'n'), ('digital', None), ('terima', 'n'), ('kasih', 'n')]",FAKTA
1.64916E+12,4/5/2022 19:10,240113510,detikTravel,detikTravel,bagi anak anak dengan usia di bawah   tahun tidak perlu dilakukan tes covid     namun  wajib didampingi pendamping perjalanan yang memenuhi syarat suddh divaksin dengan dosis booster   siapa yang sudah vaksin booster ,https://twitter.com/detikTravel/status/1511315312075231235,"[('anak', 'n'), ('anak', 'n'), ('usia', None), ('tes', 'v'), ('covid', None), ('wajib', 'n'), ('didampingi', 'n'), ('pendamping', 'v'), ('perjalanan', 'n'), ('memenuhi', 'n'), ('syarat', 'n'), ('suddh', 'n'), ('divaksin', 'n'), ('dosis', 'n'), ('booster', 'n'), ('vaksin', 'n'), ('booster', 'n')]",FAKTA
1.64847E+12,3/28/2022 18:23,516165629,KAI121,Kereta Api Indonesia, selamat malam kak  saat ini penumpang ka jarak jauh yang sudah vaksin dosis kedua booster tidak wajib menunjukkan surat keterangan negatif covid     informasi lengkapnya dapat dilakukan pengecekan via link   trims ,https://twitter.com/KAI121/status/1508404451778117633,"[('selamat', 'n'), ('malam', 'n'), ('kak', 'n'), ('penumpang', 'n'), ('ka', 'v'), ('jarak', None), ('vaksin', 'n'), ('dosis', 'n'), ('booster', 'n'), ('wajib', 'n'), ('surat', 'n'), ('keterangan', None), ('negatif', None), ('covid', 'n'), ('informasi', 'n'), ('lengkapnya', 'n'), ('pengecekan', 'n'), ('via', None), ('link', 'n'), ('trims', 'n')]",FAKTA
1.64821E+12,3/25/2022 20:07,2254654273,contactap2,Contact Center AP II, dengan senang hati kami membantu  untuk penerbangan domestik tidak diperlukan antigen pcr jika sudah vaksin dosis kedua ketiga  untuk pengisian ehac masih wajib diisi dan akan dilakukan pemeriksaan di bandara kedatangan  tks   diki,https://twitter.com/contactap2/status/1507343494397931526,"[('senang', 'v'), ('hati', None), ('membantu', 'n'), ('penerbangan', None), ('domestik', 'n'), ('antigen', 'n'), ('pcr', 'n'), ('vaksin', 'n'), ('dosis', 'n'), ('ketiga', 'n'), ('pengisian', None), ('ehac', 'n'), ('wajib', 'n'), ('diisi', 'n'), ('pemeriksaan', 'n'), ('bandara', 'n'), ('kedatangan', 'v'), ('tks', None), ('diki', 'n')]",FAKTA
1.64778E+12,3/20/2022 20:37,516165629,KAI121,Kereta Api Indonesia,  selamat malam kak  saat ini pemesanan tiket ka jarak jauh bisa dilakukan mulai h    kak  bagi calon penumpang ka jarak jauh yang sudah vaksin dosis kedua atau booster tidak wajib menunjukkan surat keterangan negatif covid       ,https://twitter.com/KAI121/status/1505538910478544897,"[('selamat', 'n'), ('malam', 'n'), ('kak', 'n'), ('pemesanan', 'n'), ('tiket', 'n'), ('ka', 'n'), ('jarak', 'n'), ('h', 'n'), ('kak', 'n'), ('calon', 'n'), ('penumpang', 'n'), ('ka', 'v'), ('jarak', None), ('vaksin', 'n'), ('dosis', 'n'), ('booster', 'n'), ('wajib', 'n'), ('surat', 'n'), ('keterangan', None), ('negatif', None), ('covid', 'n')]",FAKTA
1.64545E+12,2/21/2022 21:39,1.48309E+18,kukukakikiku,neda,pertama  kemana mana katanya wajib memiliki kartu vaksin  padahal vaksin seharusnya tidak dilakukan secara paksa  dan tidak mengurangi hak kebebasan berkunjung kemanapun di negaranya sendiri s,https://twitter.com/kukukakikiku/status/1495770163047964673,"[('kemana', 'n'), ('wajib', 'n'), ('memiliki', 'n'), ('kartu', 'n'), ('vaksin', 'n'), ('vaksin', 'n'), ('paksa', 'n'), ('mengurangi', 'n'), ('hak', 'n'), ('kebebasan', 'n'), ('berkunjung', 'n'), ('kemanapun', 'n'), ('negaranya', None), ('s', 'n')]",FAKTA
1.64517E+12,2/18/2022 15:34,1.3485E+18,indoseputarinfo,infoseputarindo,berdasarkan pernyataan tersebut  adapun syarat yang wajib dilakukan masyarakat yang ingin jalan jalan adalah sudah divaksin covid    secara lengkap atau dua dosis  sudah mendapat vaksin booster  dan tidak memiliki penyakit komorbid   cont   ,https://twitter.com/indoseputarinfo/status/1494591031664267265,"[('berdasarkan', 'n'), ('pernyataan', 'n'), ('syarat', 'n'), ('wajib', 'n'), ('masyarakat', 'n'), ('jalan', 'n'), ('jalan', 'n'), ('divaksin', 'n'), ('covid', 'n'), ('lengkap', 'n'), ('dosis', 'n'), ('vaksin', 'n'), ('booster', 'n'), ('memiliki', 'n'), ('penyakit', 'n'), ('komorbid', 'n'), ('cont', 'n')]",FAKTA
1.64431E+12,2/8/2022 16:18,1.30364E+18,_spring_131,𓆩♠️𓆪, gua cuma pengen aja vaksin yang digunakan dalam penelitian ini adalah untuk mengingat kembali bu untuk besok pagi hari ini aku akan selalu ada di dalam tubuh manusia wajib kaji etik profesi yang tidak boleh dilakukan menjelang persalinan normal untuk ibu hamil yang harus dilakuka,https://twitter.com/_spring_131/status/1490978310397968384,"[('gua', 'n'), ('pengen', 'n'), ('aja', 'n'), ('vaksin', 'n'), ('penelitian', None), ('bu', 'n'), ('besok', 'n'), ('pagi', 'n'), ('tubuh', 'n'), ('manusia', 'n'), ('wajib', 'n'), ('kaji', 'n'), ('etik', 'n'), ('profesi', 'n'), ('menjelang', 'n'), ('persalinan', 'n'), ('normal', None), ('hamil', 'n'), ('dilakuka', 'n')]",FAKTA
1.64299E+12,1/24/2022 9:29,147022602,anjingtanah58,Ali topan, manusia  indonesia ya seperti itu   lapar mata   jangan gara  sudah vaksin   kali plus buster   eeeh malah tidak antisipasi serangan wabah susulan   sudah diperingati kurangi berkumpul secara masal   tidak pernah dihiraukan   ppkm level   wajib dilakukan  ,https://twitter.com/anjingtanah58/status/1485439619416338432,"[('manusia', 'n'), ('indonesia', 'n'), ('ya', 'n'), ('lapar', 'n'), ('mata', 'n'), ('gara', 'n'), ('vaksin', 'n'), ('kali', 'n'), ('plus', None), ('buster', 'n'), ('eeeh', 'v'), ('antisipasi', 'n'), ('serangan', None), ('wabah', 'n'), ('susulan', 'n'), ('diperingati', 'n'), ('kurangi', 'n'), ('berkumpul', 'n'), ('masal', 'n'), ('dihiraukan', None), ('ppkm', 'n'), ('level', 'n'), ('wajib', 'n')]",FAKTA
1.64171E+12,1/9/2022 14:23,864093751,Fido_id_,BijakBejekBajak, itu yang mirip bule koq goblok ya    arti mandatory itu ya sama dengan wajib harus   jadi kalo tidak melakukan vaksin ya memang dapat punishment    intimidasi  yg dilakukan aparat adalah sebagai  bujukan  agar rakyat tidak kena punishment ,https://twitter.com/Fido_id_/status/1480077657022681088,"[('bule', 'n'), ('koq', 'v'), ('goblok', None), ('ya', 'n'), ('arti', None), ('mandatory', None), ('ya', 'n'), ('wajib', None), ('kalo', 'n'), ('vaksin', 'n'), ('ya', 'n'), ('punishment', 'n'), ('intimidasi', 'n'), ('yg', 'n'), ('aparat', 'n'), ('bujukan', 'n'), ('rakyat', 'n'), ('kena', None), ('punishment', 'n')]",FAKTA
1.64148E+12,1/6/2022 22:16,516165629,KAI121,Kereta Api Indonesia, selamat malam kak  perjalanan dengan ka kamandaka  penumpang tidak wajib menunjukan hasil negatif antigen  namun wajib sudah vaksin minimal dosis pertama  informasi lengkap silakan dapat dilakukan pengecekan melalui link berikut    trims ,https://twitter.com/KAI121/status/1479109594962022406,"[('selamat', 'n'), ('malam', 'n'), ('kak', 'n'), ('perjalanan', 'n'), ('ka', 'n'), ('kamandaka', 'n'), ('penumpang', 'n'), ('wajib', 'n'), ('menunjukan', None), ('hasil', 'n'), ('negatif', 'n'), ('antigen', 'n'), ('wajib', 'n'), ('vaksin', 'n'), ('minimal', None), ('dosis', 'n'), ('informasi', 'n'), ('lengkap', 'n'), ('silakan', None), ('pengecekan', 'n'), ('link', 'v'), ('trims', 'n')]",FAKTA
